0,0
0.00166666666666667,0
0.00333333333333333,0
0.005,0
0.00666666666666667,0
0.00833333333333333,0
0.01,0
0.0116666666666667,0
0.0133333333333333,0
0.015,0
0.0166666666666667,0
0.0183333333333333,0
0.02,0
0.0216666666666667,0
0.0233333333333333,0
0.025,0
0.0266666666666667,0
0.0283333333333333,0
0.03,0
0.0316666666666667,0
0.0333333333333333,0
0.035,0
0.0366666666666667,0
0.0383333333333333,0
0.04,0
0.0416666666666667,0
0.0433333333333333,0
0.045,0
0.0466666666666667,0
0.0483333333333333,0
0.05,0
0.0516666666666667,0
0.0533333333333333,0
0.055,0
0.0566666666666667,0
0.0583333333333333,0
0.06,0
0.0616666666666667,0
0.0633333333333333,0
0.065,0
0.0666666666666667,0
0.0683333333333333,0
0.07,0
0.0716666666666667,0
0.0733333333333333,0
0.075,0
0.0766666666666667,0
0.0783333333333333,0
0.08,0
0.0816666666666667,0
0.0833333333333333,0
0.085,0
0.0866666666666667,0
0.0883333333333333,0
0.09,0
0.0916666666666667,0
0.0933333333333333,0
0.095,0
0.0966666666666667,0
0.0983333333333333,0
0.1,0
0.101666666666667,0
0.103333333333333,0
0.105,0
0.106666666666667,0
0.108333333333333,0
0.11,0
0.111666666666667,0
0.113333333333333,0
0.115,0
0.116666666666667,0
0.118333333333333,0
0.12,0
0.121666666666667,0
0.123333333333333,0
0.125,0
0.126666666666667,0
0.128333333333333,0
0.13,0
0.131666666666667,0
0.133333333333333,0
0.135,0
0.136666666666667,0
0.138333333333333,0
0.14,0
0.141666666666667,0
0.143333333333333,0
0.145,0
0.146666666666667,0
0.148333333333333,0
0.15,0
0.151666666666667,0
0.153333333333333,0
0.155,0
0.156666666666667,0
0.158333333333333,0
0.16,0
0.161666666666667,0
0.163333333333333,0
0.165,0
0.166666666666667,0
0.168333333333333,0
0.17,0
0.171666666666667,0
0.173333333333333,0
0.175,0
0.176666666666667,0
0.178333333333333,0
0.18,0
0.181666666666667,0
0.183333333333333,0
0.185,0
0.186666666666667,0
0.188333333333333,0
0.19,0
0.191666666666667,0
0.193333333333333,0
0.195,0
0.196666666666667,0
0.198333333333333,0
0.2,0
0.201666666666667,0
0.203333333333333,0
0.205,0
0.206666666666667,0
0.208333333333333,0
0.21,0
0.211666666666667,0
0.213333333333333,0
0.215,0
0.216666666666667,0
0.218333333333333,0
0.22,0
0.221666666666667,0
0.223333333333333,0
0.225,0
0.226666666666667,0
0.228333333333333,0
0.23,0
0.231666666666667,0
0.233333333333333,0
0.235,0
0.236666666666667,0
0.238333333333333,0
0.24,0
0.241666666666667,0
0.243333333333333,0
0.245,0
0.246666666666667,0
0.248333333333333,0
0.25,0
0.251666666666667,0
0.253333333333333,0
0.255,0
0.256666666666667,0
0.258333333333333,0
0.26,0
0.261666666666667,0
0.263333333333333,0
0.265,0
0.266666666666667,0
0.268333333333333,0
0.27,0
0.271666666666667,0
0.273333333333333,0
0.275,0
0.276666666666667,0
0.278333333333333,0
0.28,0
0.281666666666667,0
0.283333333333333,0
0.285,0
0.286666666666667,0
0.288333333333333,0
0.29,0
0.291666666666667,0
0.293333333333333,0
0.295,0
0.296666666666667,0
0.298333333333333,0
0.3,0
0.301666666666667,0
0.303333333333333,0
0.305,0
0.306666666666667,0
0.308333333333333,0
0.31,0
0.311666666666667,0
0.313333333333333,0
0.315,0
0.316666666666667,0
0.318333333333333,0
0.32,0
0.321666666666667,0
0.323333333333333,0
0.325,0
0.326666666666667,0
0.328333333333333,0
0.33,0
0.331666666666667,0
0.333333333333333,0
0.335,0
0.336666666666667,0
0.338333333333333,0
0.34,0
0.341666666666667,0
0.343333333333333,0
0.345,0
0.346666666666667,0
0.348333333333333,0
0.35,0
0.351666666666667,0
0.353333333333333,0
0.355,0
0.356666666666667,0
0.358333333333333,0
0.36,0
0.361666666666667,0
0.363333333333333,0
0.365,0
0.366666666666667,0
0.368333333333333,0
0.37,0
0.371666666666667,0
0.373333333333333,0
0.375,0
0.376666666666667,0
0.378333333333333,0
0.38,0
0.381666666666667,0
0.383333333333333,0
0.385,0
0.386666666666667,0
0.388333333333333,0
0.39,0
0.391666666666667,0
0.393333333333333,0
0.395,0
0.396666666666667,0
0.398333333333333,0
0.4,0
0.401666666666667,0
0.403333333333333,0
0.405,0
0.406666666666667,0
0.408333333333333,0
0.41,0
0.411666666666667,0
0.413333333333333,0
0.415,0
0.416666666666667,0
0.418333333333333,0
0.42,0
0.421666666666667,0
0.423333333333333,0
0.425,0
0.426666666666667,0
0.428333333333333,0
0.43,0
0.431666666666667,0
0.433333333333333,0
0.435,0
0.436666666666667,0
0.438333333333333,0
0.44,0
0.441666666666667,0
0.443333333333333,0
0.445,0
0.446666666666667,0
0.448333333333333,0
0.45,0
0.451666666666667,0
0.453333333333333,0
0.455,0
0.456666666666667,0
0.458333333333333,0
0.46,0
0.461666666666667,0
0.463333333333333,0
0.465,0
0.466666666666667,0
0.468333333333333,0
0.47,0
0.471666666666667,0
0.473333333333333,0
0.475,0
0.476666666666667,0
0.478333333333333,0
0.48,0
0.481666666666667,0
0.483333333333333,0
0.485,0
0.486666666666667,0
0.488333333333333,0
0.49,0
0.491666666666667,0
0.493333333333333,0
0.495,0
0.496666666666667,0
0.498333333333333,0
0.5,0
0.501666666666667,0
0.503333333333333,0
0.505,0
0.506666666666667,0
0.508333333333333,0
0.51,0
0.511666666666667,0
0.513333333333333,0
0.515,0
0.516666666666667,0
0.518333333333333,0
0.52,0
0.521666666666667,0
0.523333333333333,0
0.525,0
0.526666666666667,0
0.528333333333333,0
0.53,0
0.531666666666667,0
0.533333333333333,0
0.535,0
0.536666666666667,0
0.538333333333333,0
0.54,0
0.541666666666667,0
0.543333333333333,0
0.545,0
0.546666666666667,0
0.548333333333333,0
0.55,0
0.551666666666667,0
0.553333333333333,0
0.555,0
0.556666666666667,0
0.558333333333333,0
0.56,0
0.561666666666667,0
0.563333333333333,0
0.565,0
0.566666666666667,0
0.568333333333333,0
0.57,0
0.571666666666667,0
0.573333333333333,0
0.575,0
0.576666666666667,0
0.578333333333333,0
0.58,0
0.581666666666667,0
0.583333333333333,0
0.585,0
0.586666666666667,0
0.588333333333333,0
0.59,0
0.591666666666667,0
0.593333333333333,0
0.595,0
0.596666666666667,0
0.598333333333333,0
0.6,0
0.601666666666667,0
0.603333333333333,0
0.605,0
0.606666666666667,0
0.608333333333333,0
0.61,0
0.611666666666667,0
0.613333333333333,0
0.615,0
0.616666666666667,0
0.618333333333333,0
0.62,0
0.621666666666667,0
0.623333333333333,0
0.625,0
0.626666666666667,0
0.628333333333333,0
0.63,0
0.631666666666667,0
0.633333333333333,0
0.635,0
0.636666666666667,0
0.638333333333333,0
0.64,0
0.641666666666667,0
0.643333333333333,0
0.645,0
0.646666666666667,0
0.648333333333333,0
0.65,0
0.651666666666667,0
0.653333333333333,0
0.655,0
0.656666666666667,0
0.658333333333333,0
0.66,0
0.661666666666667,0
0.663333333333333,0
0.665,0
0.666666666666667,0
0.668333333333333,0
0.67,0
0.671666666666667,0
0.673333333333333,0
0.675,0
0.676666666666667,0
0.678333333333333,0
0.68,0
0.681666666666667,0
0.683333333333333,0
0.685,0
0.686666666666667,0
0.688333333333333,0
0.69,0
0.691666666666667,0
0.693333333333333,0
0.695,0
0.696666666666667,0
0.698333333333333,0
0.7,0
0.701666666666667,0
0.703333333333333,0
0.705,0
0.706666666666667,0
0.708333333333333,0
0.71,0
0.711666666666667,0
0.713333333333333,0
0.715,0
0.716666666666667,0
0.718333333333333,0
0.72,0
0.721666666666667,0
0.723333333333333,0
0.725,0
0.726666666666667,0
0.728333333333333,0
0.73,0
0.731666666666667,0
0.733333333333333,0
0.735,0
0.736666666666667,0
0.738333333333333,0
0.74,0
0.741666666666667,0
0.743333333333333,0
0.745,0
0.746666666666667,0
0.748333333333333,0
0.75,0
0.751666666666667,0
0.753333333333333,0
0.755,0
0.756666666666667,0
0.758333333333333,0
0.76,0
0.761666666666667,0
0.763333333333333,0
0.765,0
0.766666666666667,0
0.768333333333333,0
0.77,0
0.771666666666667,0
0.773333333333333,0
0.775,0
0.776666666666667,0
0.778333333333333,0
0.78,0
0.781666666666667,0
0.783333333333333,0
0.785,0
0.786666666666667,0
0.788333333333333,0
0.79,0
0.791666666666667,0
0.793333333333333,0
0.795,0
0.796666666666667,0
0.798333333333333,0
0.8,0
0.801666666666667,0
0.803333333333333,0
0.805,0
0.806666666666667,0
0.808333333333333,0
0.81,0
0.811666666666667,0
0.813333333333333,0
0.815,0
0.816666666666667,0
0.818333333333333,0
0.82,0
0.821666666666667,0
0.823333333333333,0
0.825,0
0.826666666666667,0
0.828333333333333,0
0.83,0
0.831666666666667,0
0.833333333333333,0
0.835,0
0.836666666666667,0
0.838333333333333,0
0.84,0
0.841666666666667,0
0.843333333333333,0
0.845,0
0.846666666666667,0
0.848333333333333,0
0.85,0
0.851666666666667,0
0.853333333333333,0
0.855,0
0.856666666666667,0
0.858333333333333,0
0.86,0
0.861666666666667,0
0.863333333333333,0
0.865,0
0.866666666666667,0
0.868333333333333,0
0.87,0
0.871666666666667,0
0.873333333333333,0
0.875,0
0.876666666666667,0
0.878333333333333,0
0.88,0
0.881666666666667,0
0.883333333333333,0
0.885,0
0.886666666666667,0
0.888333333333333,0
0.89,0
0.891666666666667,0
0.893333333333333,0
0.895,0
0.896666666666667,0
0.898333333333333,0
0.9,0
0.901666666666667,0
0.903333333333333,0
0.905,0
0.906666666666667,0
0.908333333333333,0
0.91,0
0.911666666666667,0
0.913333333333333,0
0.915,0
0.916666666666667,0
0.918333333333333,0
0.92,0
0.921666666666667,0
0.923333333333333,0
0.925,0
0.926666666666667,0
0.928333333333333,0
0.93,0
0.931666666666667,0
0.933333333333333,0
0.935,0
0.936666666666667,0
0.938333333333333,0
0.94,0
0.941666666666667,0
0.943333333333333,0
0.945,0
0.946666666666667,0
0.948333333333333,0
0.95,0
0.951666666666667,0
0.953333333333333,0
0.955,0
0.956666666666667,0
0.958333333333333,0
0.96,0
0.961666666666667,0
0.963333333333333,0
0.965,0
0.966666666666667,0
0.968333333333333,0
0.97,0
0.971666666666667,0
0.973333333333333,0
0.975,0
0.976666666666667,0
0.978333333333333,0
0.98,0
0.981666666666667,0
0.983333333333333,0
0.985,0
0.986666666666667,0
0.988333333333333,0
0.99,0
0.991666666666667,0
0.993333333333333,0
0.995,0
0.996666666666667,0
0.998333333333333,0
1,0
1.00166666666667,0
1.00333333333333,0
1.005,0
1.00666666666667,0
1.00833333333333,0
1.01,0
1.01166666666667,0
1.01333333333333,0
1.015,0
1.01666666666667,0
1.01833333333333,0
1.02,0
1.02166666666667,0
1.02333333333333,0
1.025,0
1.02666666666667,0
1.02833333333333,0
1.03,0
1.03166666666667,0
1.03333333333333,0
1.035,0
1.03666666666667,0
1.03833333333333,0
1.04,0
1.04166666666667,0
1.04333333333333,0
1.045,0
1.04666666666667,0
1.04833333333333,0
1.05,0
1.05166666666667,0
1.05333333333333,0
1.055,0
1.05666666666667,0
1.05833333333333,0
1.06,0
1.06166666666667,0
1.06333333333333,0
1.065,0
1.06666666666667,0
1.06833333333333,0
1.07,0
1.07166666666667,0
1.07333333333333,0
1.075,0
1.07666666666667,0
1.07833333333333,0
1.08,0
1.08166666666667,0
1.08333333333333,0
1.085,0
1.08666666666667,0
1.08833333333333,0
1.09,0
1.09166666666667,0
1.09333333333333,0
1.095,0
1.09666666666667,0
1.09833333333333,0
1.1,0
1.10166666666667,0
1.10333333333333,0
1.105,0
1.10666666666667,0
1.10833333333333,0
1.11,0
1.11166666666667,0
1.11333333333333,0
1.115,0
1.11666666666667,0
1.11833333333333,0
1.12,0
1.12166666666667,0
1.12333333333333,0
1.125,0
1.12666666666667,0
1.12833333333333,0
1.13,0
1.13166666666667,0
1.13333333333333,0
1.135,0
1.13666666666667,0
1.13833333333333,0
1.14,0
1.14166666666667,0
1.14333333333333,0
1.145,0
1.14666666666667,0
1.14833333333333,0
1.15,0
1.15166666666667,0
1.15333333333333,0
1.155,0
1.15666666666667,0
1.15833333333333,0
1.16,0
1.16166666666667,0
1.16333333333333,0
1.165,0
1.16666666666667,0
1.16833333333333,0
1.17,0
1.17166666666667,0
1.17333333333333,0
1.175,0
1.17666666666667,0
1.17833333333333,0
1.18,0
1.18166666666667,0
1.18333333333333,0
1.185,0
1.18666666666667,0
1.18833333333333,0
1.19,0
1.19166666666667,0
1.19333333333333,0
1.195,0
1.19666666666667,0
1.19833333333333,0
1.2,0
1.20166666666667,0
1.20333333333333,0
1.205,0
1.20666666666667,0
1.20833333333333,0
1.21,0
1.21166666666667,0
1.21333333333333,0
1.215,0
1.21666666666667,0
1.21833333333333,0
1.22,0
1.22166666666667,0
1.22333333333333,0
1.225,0
1.22666666666667,0
1.22833333333333,0
1.23,0
1.23166666666667,0
1.23333333333333,0
1.235,0
1.23666666666667,0
1.23833333333333,0
1.24,0
1.24166666666667,0
1.24333333333333,0
1.245,0
1.24666666666667,0
1.24833333333333,0
1.25,0
1.25166666666667,0
1.25333333333333,0
1.255,0
1.25666666666667,0
1.25833333333333,0
1.26,0
1.26166666666667,0
1.26333333333333,0
1.265,0
1.26666666666667,0
1.26833333333333,0
1.27,0
1.27166666666667,0
1.27333333333333,0
1.275,0
1.27666666666667,0
1.27833333333333,0
1.28,0
1.28166666666667,0
1.28333333333333,0
1.285,0
1.28666666666667,0
1.28833333333333,0
1.29,0
1.29166666666667,0
1.29333333333333,0
1.295,0
1.29666666666667,0
1.29833333333333,0
1.3,0
1.30166666666667,0
1.30333333333333,0
1.305,0
1.30666666666667,0
1.30833333333333,0
1.31,0
1.31166666666667,0
1.31333333333333,0
1.315,0
1.31666666666667,0
1.31833333333333,0
1.32,0
1.32166666666667,0
1.32333333333333,0
1.325,0
1.32666666666667,0
1.32833333333333,0
1.33,0
1.33166666666667,0
1.33333333333333,0
1.335,0
1.33666666666667,0
1.33833333333333,0
1.34,0
1.34166666666667,0
1.34333333333333,0
1.345,0
1.34666666666667,0
1.34833333333333,0
1.35,0
1.35166666666667,0
1.35333333333333,0
1.355,0
1.35666666666667,0
1.35833333333333,0
1.36,0
1.36166666666667,0
1.36333333333333,0
1.365,0
1.36666666666667,0
1.36833333333333,0
1.37,0
1.37166666666667,0
1.37333333333333,0
1.375,0
1.37666666666667,0
1.37833333333333,0
1.38,0
1.38166666666667,0
1.38333333333333,0
1.385,0
1.38666666666667,0
1.38833333333333,0
1.39,0
1.39166666666667,0
1.39333333333333,0
1.395,0
1.39666666666667,0
1.39833333333333,0
1.4,0
1.40166666666667,0
1.40333333333333,0
1.405,0
1.40666666666667,0
1.40833333333333,0
1.41,0
1.41166666666667,0
1.41333333333333,0
1.415,0
1.41666666666667,0
1.41833333333333,0
1.42,0
1.42166666666667,0
1.42333333333333,0
1.425,0
1.42666666666667,0
1.42833333333333,0
1.43,0
1.43166666666667,0
1.43333333333333,0
1.435,0
1.43666666666667,0
1.43833333333333,0
1.44,0
1.44166666666667,0
1.44333333333333,0
1.445,0
1.44666666666667,0
1.44833333333333,0
1.45,0
1.45166666666667,0
1.45333333333333,0
1.455,0
1.45666666666667,0
1.45833333333333,0
1.46,0
1.46166666666667,0
1.46333333333333,0
1.465,0
1.46666666666667,0
1.46833333333333,0
1.47,0
1.47166666666667,0
1.47333333333333,0
1.475,0
1.47666666666667,0
1.47833333333333,0
1.48,0
1.48166666666667,0
1.48333333333333,0
1.485,0
1.48666666666667,0
1.48833333333333,0
1.49,0
1.49166666666667,0
1.49333333333333,0
1.495,0
1.49666666666667,0
1.49833333333333,0
1.5,0
1.50166666666667,0
1.50333333333333,0
1.505,0
1.50666666666667,0
1.50833333333333,0
1.51,0
1.51166666666667,0
1.51333333333333,0
1.515,0
1.51666666666667,0
1.51833333333333,0
1.52,0
1.52166666666667,0
1.52333333333333,0
1.525,0
1.52666666666667,0
1.52833333333333,0
1.53,0
1.53166666666667,0
1.53333333333333,0
1.535,0
1.53666666666667,0
1.53833333333333,0
1.54,0
1.54166666666667,0
1.54333333333333,0
1.545,0
1.54666666666667,0
1.54833333333333,0
1.55,0
1.55166666666667,0
1.55333333333333,0
1.555,0
1.55666666666667,0
1.55833333333333,0
1.56,0
1.56166666666667,0
1.56333333333333,0
1.565,0
1.56666666666667,0
1.56833333333333,0
1.57,0
1.57166666666667,0
1.57333333333333,0
1.575,0
1.57666666666667,0
1.57833333333333,0
1.58,0
1.58166666666667,0
1.58333333333333,0
1.585,0
1.58666666666667,0
1.58833333333333,0
1.59,0
1.59166666666667,0
1.59333333333333,0
1.595,0
1.59666666666667,0
1.59833333333333,0
1.6,0
1.60166666666667,0
1.60333333333333,0
1.605,0
1.60666666666667,0
1.60833333333333,0
1.61,0
1.61166666666667,0
1.61333333333333,0
1.615,0
1.61666666666667,0
1.61833333333333,0
1.62,0
1.62166666666667,0
1.62333333333333,0
1.625,0
1.62666666666667,0
1.62833333333333,0
1.63,0
1.63166666666667,0
1.63333333333333,0
1.635,0
1.63666666666667,0
1.63833333333333,0
1.64,0
1.64166666666667,0
1.64333333333333,0
1.645,0
1.64666666666667,0
1.64833333333333,0
1.65,0.269226402044296
1.65166666666667,0.00986391305923462
1.65333333333333,-0.0597635954618454
1.655,0.471726417541504
1.65666666666667,0.246597453951836
1.65833333333333,14.2951097488403
1.66,83.2420196533203
1.66166666666667,143.99609375
1.66333333333333,218.935607910156
1.665,309.319671630859
1.66666666666667,381.233276367188
1.66833333333333,462.29248046875
1.67,531.09375
1.67166666666667,598.400939941406
1.67333333333333,655.2158203125
1.675,719.617797851562
1.67666666666667,771.539611816406
1.67833333333333,834.363342285156
1.68,890.26611328125
1.68166666666667,958.040405273438
1.68333333333333,1019.29174804688
1.685,1089.73852539062
1.68666666666667,1151.89611816406
1.68833333333333,1218.47106933594
1.69,1277.85864257812
1.69166666666667,1344.69873046875
1.69333333333333,1403.44689941406
1.695,1469.0986328125
1.69666666666667,1526.43811035156
1.69833333333333,1588.91491699219
1.7,1643.57373046875
1.70166666666667,1707.69250488281
1.70333333333333,1766.33630371094
1.705,1833.98986816406
1.70666666666667,1893.80334472656
1.70833333333333,1957.06286621094
1.71,2014.54504394531
1.71166666666667,2077.259765625
1.71333333333333,2134.41064453125
1.715,2202.59814453125
1.71666666666667,2264.28686523438
1.71833333333333,2327.69897460938
1.72,2386.5029296875
1.72166666666667,2454.23315429688
1.72333333333333,2518.53002929688
1.725,2588.72265625
1.72666666666667,2654.74633789062
1.72833333333333,2719.81030273438
1.73,2783.9814453125
1.73166666666667,2851.22998046875
1.73333333333333,2909.02319335938
1.735,2976.26708984375
1.73666666666667,3037.88500976562
1.73833333333333,3099.68579101562
1.74,3159.72729492188
1.74166666666667,3223.73291015625
1.74333333333333,3284.38012695312
1.745,3347.00366210938
1.74666666666667,3405.24536132812
1.74833333333333,3464.29296875
1.75,3527.24780273438
1.75166666666667,3591.89184570312
1.75333333333333,3653.03588867188
1.755,3715.17895507812
1.75666666666667,3773.6005859375
1.75833333333333,3837.21508789062
1.76,3897.41040039062
1.76166666666667,3963.70629882812
1.76333333333333,4026.32690429688
1.765,4091.2685546875
1.76666666666667,4150.29638671875
1.76833333333333,4210.28857421875
1.77,4273.744140625
1.77166666666667,4339.470703125
1.77333333333333,4401.10205078125
1.775,4466.060546875
1.77666666666667,4525.21044921875
1.77833333333333,4585.263671875
1.78,4643.12744140625
1.78166666666667,4709.5810546875
1.78333333333333,4776.15478515625
1.785,4845.01123046875
1.78666666666667,4908.2900390625
1.78833333333333,4971.7490234375
1.79,5033.08935546875
1.79166666666667,5099.8232421875
1.79333333333333,5161.55419921875
1.795,5226.00244140625
1.79666666666667,5285.57861328125
1.79833333333333,5345.3095703125
1.8,5402.35009765625
1.80166666666667,5460.97802734375
1.80333333333333,5525.21826171875
1.805,5591.04736328125
1.80666666666667,5651.18798828125
1.80833333333333,5716.603515625
1.81,5778.78271484375
1.81166666666667,5845.4619140625
1.81333333333333,5908.017578125
1.815,5973.7958984375
1.81666666666667,6033.5068359375
1.81833333333333,6094.33154296875
1.82,6152.10888671875
1.82166666666667,6214.68798828125
1.82333333333333,6277.30712890625
1.825,6347.8671875
1.82666666666667,6411.03857421875
1.82833333333333,6475.34619140625
1.83,6537.384765625
1.83166666666667,6604.55078125
1.83333333333333,6665.50146484375
1.835,6731.66552734375
1.83666666666667,6791.27978515625
1.83833333333333,6851.25390625
1.84,6908.8125
1.84166666666667,6972.41943359375
1.84333333333333,7031.49853515625
1.845,7098.1728515625
1.84666666666667,7158.94970703125
1.84833333333333,7219.61572265625
1.85,7277.455078125
1.85166666666667,7342.23876953125
1.85333333333333,7405.4599609375
1.855,7471.8642578125
1.85666666666667,7532.25341796875
1.85833333333333,7593.61328125
1.86,7651.3095703125
1.86166666666667,7715.27099609375
1.86333333333333,7779.25927734375
1.865,7846.58984375
1.86666666666667,7908.4267578125
1.86833333333333,7970.6298828125
1.87,8029.86376953125
1.87166666666667,8095.50439453125
1.87333333333333,8156.1318359375
1.875,8224.2021484375
1.87666666666667,8284.173828125
1.87833333333333,8345.8505859375
1.88,8403.763671875
1.88166666666667,8470.5634765625
1.88333333333333,8533.978515625
1.885,8604.361328125
1.88666666666667,8667.73828125
1.88833333333333,8732.4189453125
1.89,8791.828125
1.89166666666667,8857.037109375
1.89333333333333,8919.0595703125
1.895,8986.50390625
1.89666666666667,9046.8017578125
1.89833333333333,9107.6943359375
1.9,9165.1484375
1.90166666666667,9229.1064453125
1.90333333333333,9286.68359375
1.905,9350.5673828125
1.90666666666667,9409.1181640625
1.90833333333333,9468.7119140625
1.91,9525.0107421875
1.91166666666667,9587.8125
1.91333333333333,9648.7822265625
1.915,9713.986328125
1.91666666666667,9771.0595703125
1.91833333333333,9833.0322265625
1.92,9892.8603515625
1.92166666666667,9960.3662109375
1.92333333333333,10026.8330078125
1.925,10098.349609375
1.92666666666667,10161.5654296875
1.92833333333333,10228.078125
1.93,10292.2646484375
1.93166666666667,10358.3349609375
1.93333333333333,10420.294921875
1.935,10484.52734375
1.93666666666667,10540.8515625
1.93833333333333,10599.087890625
1.94,10654.3447265625
1.94166666666667,10715.03125
1.94333333333333,10774.302734375
1.945,10836.8037109375
1.94666666666667,10895.212890625
1.94833333333333,10955.783203125
1.95,11016.4169921875
1.95166666666667,11083.0205078125
1.95333333333333,11148.095703125
1.955,11212.646484375
1.95666666666667,11272.5947265625
1.95833333333333,11336.4189453125
1.96,11394.064453125
1.96166666666667,11460.705078125
1.96333333333333,11529.41796875
1.965,11597.6806640625
1.96666666666667,11656.6630859375
1.96833333333333,11719.4794921875
1.97,11779.7490234375
1.97166666666667,11844.111328125
1.97333333333333,11908.5166015625
1.975,11972.7587890625
1.97666666666667,12030.529296875
1.97833333333333,12093.021484375
1.98,12153.0908203125
1.98166666666667,12217.712890625
1.98333333333333,12282.435546875
1.985,12346.8955078125
1.98666666666667,12405.724609375
1.98833333333333,12468.279296875
1.99,12529.5263671875
1.99166666666667,12594.2626953125
1.99333333333333,12659.2783203125
1.995,12722.26171875
1.99666666666667,12780.1455078125
1.99833333333333,12842.015625
2,12902.193359375
2.00166666666667,12966.1953125
2.00333333333333,13032.341796875
2.005,13096.2880859375
2.00666666666667,13153.7578125
2.00833333333333,13217.021484375
2.01,13278.841796875
2.01166666666667,13341.087890625
2.01333333333333,13407.416015625
2.015,13471.0693359375
2.01666666666667,13528.13671875
2.01833333333333,13590.234375
2.02,13651.986328125
2.02166666666667,13715.5234375
2.02333333333333,13785.3037109375
2.025,13853.6728515625
2.02666666666667,13914.8369140625
2.02833333333333,13976.0849609375
2.03,14039.783203125
2.03166666666667,14099.5791015625
2.03333333333333,14164.966796875
2.035,14228.9560546875
2.03666666666667,14286.81640625
2.03833333333333,14345.08984375
2.04,14406.7919921875
2.04166666666667,14466.7314453125
2.04333333333333,14536.2861328125
2.045,14599.2080078125
2.04666666666667,14657.728515625
2.04833333333333,14718.0244140625
2.05,14782.1337890625
2.05166666666667,14842.525390625
2.05333333333333,14912.662109375
2.055,14974.4189453125
2.05666666666667,14985.39453125
2.05833333333333,14974.9482421875
2.06,14964.5234375
2.06166666666667,14975.4765625
2.06333333333333,14990.83984375
2.065,15012.1591796875
2.06666666666667,15020.4306640625
2.06833333333333,15028.3837890625
2.07,15028.9853515625
2.07166666666667,15038.93359375
2.07333333333333,15039.03125
2.075,15045.9609375
2.07666666666667,15043.857421875
2.07833333333333,15044.115234375
2.08,15039.4814453125
2.08166666666667,15043.1591796875
2.08333333333333,15029.76953125
2.085,15031.775390625
2.08666666666667,15025.154296875
2.08833333333333,15019.53515625
2.09,15009.021484375
2.09166666666667,15011.701171875
2.09333333333333,15003.3037109375
2.095,15009.396484375
2.09666666666667,15005.583984375
2.09833333333333,15003.7685546875
2.1,15000.302734375
2.10166666666667,15003.9990234375
2.10333333333333,15005.84375
2.105,15018.5478515625
2.10666666666667,15020.8203125
2.10833333333333,15024.9365234375
2.11,15020.6875
2.11166666666667,15030.333984375
2.11333333333333,15026.978515625
2.115,15030.51953125
2.11666666666667,15027.763671875
2.11833333333333,15023.41015625
2.12,15014.1484375
2.12166666666667,15018.1083984375
2.12333333333333,15013.5341796875
2.125,15021.7744140625
2.12666666666667,15020.2939453125
2.12833333333333,15020.2763671875
2.13,15015.634765625
2.13166666666667,15024.1015625
2.13333333333333,15020.044921875
2.135,15026.3935546875
2.13666666666667,15024.3095703125
2.13833333333333,15023.9482421875
2.14,15017.291015625
2.14166666666667,15019.396484375
2.14333333333333,15013.3037109375
2.145,15019.6533203125
2.14666666666667,15016.6513671875
2.14833333333333,15015.908203125
2.15,15010.0439453125
2.15166666666667,15016.3896484375
2.15333333333333,14886.087890625
2.155,14732.0849609375
2.15666666666667,14509.3369140625
2.15833333333333,14282.9541015625
2.16,14047.865234375
2.16166666666667,13820.2890625
2.16333333333333,13610.1708984375
2.165,13435.416015625
2.16666666666667,13269.8525390625
2.16833333333333,13107.2841796875
2.17,12936.232421875
2.17166666666667,12760.4609375
2.17333333333333,12555.623046875
2.175,12358.3896484375
2.17666666666667,12143.19140625
2.17833333333333,11936.5185546875
2.18,11735.1787109375
2.18166666666667,11554.7646484375
2.18333333333333,11398.1748046875
2.185,11319.4541015625
2.18666666666667,11242.5107421875
2.18833333333333,11123.4716796875
2.19,11024.0341796875
2.19166666666667,10894.7041015625
2.19333333333333,10764.2236328125
2.195,10620.7119140625
2.19666666666667,10489.5166015625
2.19833333333333,10355.1669921875
2.2,10223.388671875
2.20166666666667,10114.8916015625
2.20333333333333,10017.73828125
2.205,9918.8740234375
2.20666666666667,9816.705078125
2.20833333333333,9709.521484375
2.21,9601.3115234375
2.21166666666667,9495.6787109375
2.21333333333333,9388.8232421875
2.215,9278.16796875
2.21666666666667,9169.92578125
2.21833333333333,9062.970703125
2.22,8951.6767578125
2.22166666666667,8848.8525390625
2.22333333333333,8745.27734375
2.225,8634.1298828125
2.22666666666667,8523.7421875
2.22833333333333,8410.2685546875
2.23,8301.90234375
2.23166666666667,8185.49072265625
2.23333333333333,8080.46337890625
2.235,7969.18798828125
2.23666666666667,7862.52490234375
2.23833333333333,7749.4951171875
2.24,7637.9873046875
2.24166666666667,7517.24609375
2.24333333333333,7402.82373046875
2.245,7295.07958984375
2.24666666666667,7192.0966796875
2.24833333333333,7088.6318359375
2.25,6990.388671875
2.25166666666667,6899.33203125
2.25333333333333,6820.5732421875
2.255,6743.18115234375
2.25666666666667,6672.83251953125
2.25833333333333,6595.32373046875
2.26,6519.5771484375
2.26166666666667,6444.81640625
2.26333333333333,6363.67138671875
2.265,6278.5888671875
2.26666666666667,6187.994140625
2.26833333333333,6087.87841796875
2.27,5977.798828125
2.27166666666667,5856.7109375
2.27333333333333,5731.56494140625
2.275,5600.177734375
2.27666666666667,5463.03515625
2.27833333333333,5324.06640625
2.28,5179.4404296875
2.28166666666667,5038.728515625
2.28333333333333,4901.18798828125
2.285,4765.64013671875
2.28666666666667,4635.45166015625
2.28833333333333,4500.25537109375
2.29,4362.50390625
2.29166666666667,4227.81005859375
2.29333333333333,4094.0771484375
2.295,3963.81274414062
2.29666666666667,3832.3193359375
2.29833333333333,3702.63232421875
2.3,3569.36474609375
2.30166666666667,3444.14721679688
2.30333333333333,3320.55615234375
2.305,3191.5107421875
2.30666666666667,3065.5029296875
2.30833333333333,2931.048828125
2.31,2785.4716796875
2.31166666666667,2640.6923828125
2.31333333333333,2493.15747070312
2.315,2355.72216796875
2.31666666666667,2215.45288085938
2.31833333333333,2075.42260742188
2.32,1933.66735839844
2.32166666666667,1799.72436523438
2.32333333333333,1663.73486328125
2.325,1533.59057617188
2.32666666666667,1396.01879882812
2.32833333333333,1261.47692871094
2.33,1115.60205078125
2.33166666666667,973.248596191406
2.33333333333333,828.279479980469
2.335,683.778564453125
2.33666666666667,534.346862792969
2.33833333333333,387.110778808594
2.34,244.079620361328
2.34166666666667,109.188491821289
2.34333333333333,-22.4521942138672
2.345,-149.039077758789
2.34666666666667,-269.036865234375
2.34833333333333,-390.258361816406
2.35,-513.677795410156
2.35166666666667,-640.685363769531
2.35333333333333,-750.916137695312
2.355,-871.4140625
2.35666666666667,-991.085205078125
2.35833333333333,-1112.72680664062
2.36,-1239.32299804688
2.36166666666667,-1372.853515625
2.36333333333333,-1504.0498046875
2.365,-1631.97119140625
2.36666666666667,-1754.08215332031
2.36833333333333,-1872.58117675781
2.37,-1993.35766601562
2.37166666666667,-2107.17016601562
2.37333333333333,-2220.77905273438
2.375,-2465.75927734375
2.37666666666667,-2646.54541015625
2.37833333333333,-2707.2978515625
2.38,-2721.80639648438
2.38166666666667,-2811.63745117188
2.38333333333333,-3052.08447265625
2.385,-3294.08471679688
2.38666666666667,-3456.01342773438
2.38833333333333,-3488.63159179688
2.39,-3487.06567382812
2.39166666666667,-3455.34912109375
2.39333333333333,-3393.95727539062
2.395,-3377.04248046875
2.39666666666667,-3370.19873046875
2.39833333333333,-3415.9365234375
2.4,-3474.51879882812
2.40166666666667,-3579.13134765625
2.40333333333333,-3657.02880859375
2.405,-3620.04028320312
2.40666666666667,-3650.98510742188
2.40833333333333,-3770.29125976562
2.41,-3892.83276367188
2.41166666666667,-4040.34106445312
2.41333333333333,-4188.7177734375
2.415,-4328.1142578125
2.41666666666667,-4456.99609375
2.41833333333333,-4568.34130859375
2.42,-4666.24853515625
2.42166666666667,-4744.63330078125
2.42333333333333,-4805.6416015625
2.425,-4869.83642578125
2.42666666666667,-4926.4453125
2.42833333333333,-4998.33056640625
2.43,-5069.0693359375
2.43166666666667,-5134.8291015625
2.43333333333333,-5193.97314453125
2.435,-5250.07861328125
2.43666666666667,-5292.36865234375
2.43833333333333,-5331.4169921875
2.44,-5367.61962890625
2.44166666666667,-5438.1396484375
2.44333333333333,-5487.3291015625
2.445,-5549.0546875
2.44666666666667,-5601.3935546875
2.44833333333333,-5656.662109375
2.45,-5719.73046875
2.45166666666667,-5799.0009765625
2.45333333333333,-5877.3994140625
2.455,-5955.794921875
2.45666666666667,-6039.35888671875
2.45833333333333,-6120.623046875
2.46,-6209.02001953125
2.46166666666667,-6292.80859375
2.46333333333333,-6382.9287109375
2.465,-6466.31298828125
2.46666666666667,-6550.37548828125
2.46833333333333,-6637.85791015625
2.47,-6732.0576171875
2.47166666666667,-6818.6201171875
2.47333333333333,-6917.43359375
2.475,-7005.818359375
2.47666666666667,-7105.1767578125
2.47833333333333,-7196.693359375
2.48,-7295.24365234375
2.48166666666667,-7391.97607421875
2.48333333333333,-7491.35791015625
2.485,-7582.4111328125
2.48666666666667,-7675.94677734375
2.48833333333333,-7763.17822265625
2.49,-7860.744140625
2.49166666666667,-7952.71435546875
2.49333333333333,-8049.28759765625
2.495,-8136.03076171875
2.49666666666667,-8219.31640625
2.49833333333333,-8296.4326171875
2.5,-8376.6923828125
2.50166666666667,-8452.4970703125
2.50333333333333,-8531.078125
2.505,-8600.0107421875
2.50666666666667,-8666.947265625
2.50833333333333,-8729.02734375
2.51,-8799.376953125
2.51166666666667,-8858.787109375
2.51333333333333,-8923.3212890625
2.515,-8980.412109375
2.51666666666667,-9040.4072265625
2.51833333333333,-9087.13671875
2.52,-9144.220703125
2.52166666666667,-9206.2041015625
2.52333333333333,-9268.8115234375
2.525,-9330.8974609375
2.52666666666667,-9388.91015625
2.52833333333333,-9443.455078125
2.53,-9512.69921875
2.53166666666667,-9569.490234375
2.53333333333333,-9630.439453125
2.535,-9685.7255859375
2.53666666666667,-9740.7802734375
2.53833333333333,-9788.439453125
2.54,-9840.390625
2.54166666666667,-9880.056640625
2.54333333333333,-9915.7119140625
2.545,-9953.1845703125
2.54666666666667,-9978.3515625
2.54833333333333,-10008.1484375
2.55,-10036.2333984375
2.55166666666667,-10068.5029296875
2.55333333333333,-10097.7373046875
2.555,-10132.8369140625
2.55666666666667,-10161.6416015625
2.55833333333333,-10191.525390625
2.56,-10219.2080078125
2.56166666666667,-10259.2353515625
2.56333333333333,-10298.96875
2.565,-10343.6201171875
2.56666666666667,-10385.59375
2.56833333333333,-10426.9111328125
2.57,-10479.3701171875
2.57166666666667,-10529.5791015625
2.57333333333333,-10583.3935546875
2.575,-10635.4580078125
2.57666666666667,-10680.955078125
2.57833333333333,-10719.9228515625
2.58,-10757.6953125
2.58166666666667,-10797.30078125
2.58333333333333,-10829.837890625
2.585,-10865.1025390625
2.58666666666667,-10891.6728515625
2.58833333333333,-10923.58984375
2.59,-10960.345703125
2.59166666666667,-11006.3056640625
2.59333333333333,-11062.263671875
2.595,-11115.0751953125
2.59666666666667,-11169.0986328125
2.59833333333333,-11224.18359375
2.6,-11283.27734375
2.60166666666667,-11344.3701171875
2.60333333333333,-11406.93359375
2.605,-11465.5625
2.60666666666667,-11524.64453125
2.60833333333333,-11574.951171875
2.61,-11635.927734375
2.61166666666667,-11692.9609375
2.61333333333333,-11751.3291015625
2.615,-11802.326171875
2.61666666666667,-11853.818359375
2.61833333333333,-11897.2197265625
2.62,-11944.7529296875
2.62166666666667,-11993.59375
2.62333333333333,-12044.8125
2.625,-12096.576171875
2.62666666666667,-12149.2412109375
2.62833333333333,-12198.0224609375
2.63,-12262.966796875
2.63166666666667,-12326.53125
2.63333333333333,-12393.708984375
2.635,-12461.994140625
2.63666666666667,-12535.7744140625
2.63833333333333,-12621.8330078125
2.64,-12714.5087890625
2.64166666666667,-12814.0693359375
2.64333333333333,-12910.51953125
2.645,-12999.0400390625
2.64666666666667,-13083.712890625
2.64833333333333,-13163.0380859375
2.65,-13249.7041015625
2.65166666666667,-13329.548828125
2.65333333333333,-13410.923828125
2.655,-13478.193359375
2.65666666666667,-13541.25
2.65833333333333,-13590.4794921875
2.66,-13641.9697265625
2.66166666666667,-13681.1513671875
2.66333333333333,-13720.626953125
2.665,-13752.537109375
2.66666666666667,-13863.4091796875
2.66833333333333,-13366.7041015625
2.67,-13231.19140625
2.67166666666667,-13219.7861328125
2.67333333333333,-13256.6669921875
2.675,-13242.2275390625
2.67666666666667,-13238.060546875
2.67833333333333,-13244.064453125
2.68,-13243.6220703125
2.68166666666667,-13259.576171875
2.68333333333333,-13269.3369140625
2.685,-13271.474609375
2.68666666666667,-13255.78125
2.68833333333333,-13238.6005859375
2.69,-13212.1904296875
2.69166666666667,-13193.2939453125
2.69333333333333,-13170.837890625
2.695,-13147.92578125
2.69666666666667,-13118.599609375
2.69833333333333,-13089.544921875
2.7,-13056.8642578125
2.70166666666667,-13032.1552734375
2.70333333333333,-13004.68359375
2.705,-12985.0439453125
2.70666666666667,-12958.658203125
2.70833333333333,-12937.541015625
2.71,-12913.4013671875
2.71166666666667,-12898.61328125
2.71333333333333,-12879.9111328125
2.715,-12862.376953125
2.71666666666667,-12833.568359375
2.71833333333333,-12809.734375
2.72,-12776.2890625
2.72166666666667,-12754.234375
2.72333333333333,-12729.2353515625
2.725,-12707.94921875
2.72666666666667,-12684.3955078125
2.72833333333333,-12663.5947265625
2.73,-12636.7314453125
2.73166666666667,-12619.91015625
2.73333333333333,-12598.1201171875
2.735,-12579.765625
2.73666666666667,-12554.0888671875
2.73833333333333,-12531.529296875
2.74,-12503.7421875
2.74166666666667,-12486.6328125
2.74333333333333,-12466.3095703125
2.745,-12448.4013671875
2.74666666666667,-12424.322265625
2.74833333333333,-12403.548828125
2.75,-12376.87890625
2.75166666666667,-12359.494140625
2.75333333333333,-12338.49609375
2.755,-12320.3154296875
2.75666666666667,-12293.8798828125
2.75833333333333,-12271.2470703125
2.76,-12244.0048828125
2.76166666666667,-12222.380859375
2.76333333333333,-12198.8203125
2.765,-12177.8388671875
2.76666666666667,-12155.556640625
2.76833333333333,-12135.3828125
2.77,-12109.7646484375
2.77166666666667,-12094.0341796875
2.77333333333333,-12073.388671875
2.775,-12055.3544921875
2.77666666666667,-12030.662109375
2.77833333333333,-12004.009765625
2.78,-11973.140625
2.78166666666667,-11952.611328125
2.78333333333333,-11929.8759765625
2.785,-11909.2451171875
2.78666666666667,-11882.86328125
2.78833333333333,-11859.533203125
2.79,-11830.787109375
2.79166666666667,-11811.2626953125
2.79333333333333,-11791.0556640625
2.795,-11774.35546875
2.79666666666667,-11749.8974609375
2.79833333333333,-11723.7548828125
2.8,-11694.369140625
2.80166666666667,-11678.6552734375
2.80333333333333,-11659.44140625
2.805,-11642.7470703125
2.80666666666667,-11621.046875
2.80833333333333,-11601.0166015625
2.81,-11575.529296875
2.81166666666667,-11559.0986328125
2.81333333333333,-11539.203125
2.815,-11521.408203125
2.81666666666667,-11496.82421875
2.81833333333333,-11470.9248046875
2.82,-11441.2275390625
2.82166666666667,-11416.13671875
2.82333333333333,-11394.1259765625
2.825,-11373.970703125
2.82666666666667,-11348.4599609375
2.82833333333333,-11325.302734375
2.83,-11297.50390625
2.83166666666667,-11278.1083984375
2.83333333333333,-11259.2958984375
2.835,-11242.3759765625
2.83666666666667,-11218.9189453125
2.83833333333333,-11192.791015625
2.84,-11163.458984375
2.84166666666667,-11147.474609375
2.84333333333333,-11129.029296875
2.845,-11112.4267578125
2.84666666666667,-11091.15625
2.84833333333333,-11071.814453125
2.85,-11047.1376953125
2.85166666666667,-11030.5283203125
2.85333333333333,-11011.2744140625
2.855,-10988.98046875
2.85666666666667,-10960.208984375
2.85833333333333,-10934.8447265625
2.86,-10905.9658203125
2.86166666666667,-10881.2841796875
2.86333333333333,-10859.7333984375
2.865,-10840.0302734375
2.86666666666667,-10815.1787109375
2.86833333333333,-10791.7412109375
2.87,-10764.349609375
2.87166666666667,-10745.0537109375
2.87333333333333,-10727.013671875
2.875,-10705.2890625
2.87666666666667,-10683.009765625
2.87833333333333,-10657.9267578125
2.88,-10629.32421875
2.88166666666667,-10609.8525390625
2.88333333333333,-10589.2861328125
2.885,-10570.0458984375
2.88666666666667,-10546.1708984375
2.88833333333333,-10524.3173828125
2.89,-10497.771484375
2.89166666666667,-10478.57421875
2.89333333333333,-10456.1357421875
2.895,-10435.9765625
2.89666666666667,-10409.130859375
2.89833333333333,-10384.4990234375
2.9,-10357.3251953125
2.90166666666667,-10337.7099609375
2.90333333333333,-10315.5224609375
2.905,-10300.3857421875
2.90666666666667,-10280.7841796875
2.90833333333333,-10261.9365234375
2.91,-10239.4130859375
2.91166666666667,-10224.33203125
2.91333333333333,-10201.1357421875
2.915,-10179.4921875
2.91666666666667,-10152.853515625
2.91833333333333,-10128.384765625
2.92,-10095.5830078125
2.92166666666667,-10072.15234375
2.92333333333333,-10047.1796875
2.925,-10028.9375
2.92666666666667,-10005.00390625
2.92833333333333,-9983.431640625
2.93,-9957.4912109375
2.93166666666667,-9938.701171875
2.93333333333333,-9916.5029296875
2.935,-9897.0234375
2.93666666666667,-9871.041015625
2.93833333333333,-9847.1201171875
2.94,-9820.7265625
2.94166666666667,-9806.0458984375
2.94333333333333,-9793.412109375
2.945,-9781.8583984375
2.94666666666667,-9766.421875
2.94833333333333,-9752.58203125
2.95,-9729.814453125
2.95166666666667,-9714.6494140625
2.95333333333333,-9696.3134765625
2.955,-9674.423828125
2.95666666666667,-9646.837890625
2.95833333333333,-9617.388671875
2.96,-9585.806640625
2.96166666666667,-9557.57421875
2.96333333333333,-9528.0634765625
2.965,-9500.6943359375
2.96666666666667,-9473.7451171875
2.96833333333333,-9447.7529296875
2.97,-9423.0078125
2.97166666666667,-9404.515625
2.97333333333333,-9382.560546875
2.975,-9362.234375
2.97666666666667,-9337.5
2.97833333333333,-9314.44140625
2.98,-9288.38671875
2.98166666666667,-9265.62109375
2.98333333333333,-9242.099609375
2.985,-9223.8193359375
2.98666666666667,-9201.7587890625
2.98833333333333,-9181.44921875
2.99,-9157.1494140625
2.99166666666667,-9138.6943359375
2.99333333333333,-9117.91796875
2.995,-9098.6923828125
2.99666666666667,-9073.7734375
2.99833333333333,-9046.2001953125
3,-9016.8681640625
3.00166666666667,-8998.875
3.00333333333333,-8978.3203125
3.005,-8959.5458984375
3.00666666666667,-8937.5009765625
3.00833333333333,-8916.2880859375
3.01,-8891.3349609375
3.01166666666667,-8873.064453125
3.01333333333333,-8851.9921875
3.015,-8831.4287109375
3.01666666666667,-8806.4892578125
3.01833333333333,-8783.8115234375
3.02,-8753.5537109375
3.02166666666667,-8730.5380859375
3.02333333333333,-8707.484375
3.025,-8685.23046875
3.02666666666667,-8663.859375
3.02833333333333,-8643.857421875
3.03,-8620.5302734375
3.03166666666667,-8602.53125
3.03333333333333,-8581.8544921875
3.035,-8562.14453125
3.03666666666667,-8538.2421875
3.03833333333333,-8511.1533203125
3.04,-8482.080078125
3.04166666666667,-8464.1484375
3.04333333333333,-8444.7724609375
3.045,-8425.5107421875
3.04666666666667,-8403.7177734375
3.04833333333333,-8383.0400390625
3.05,-8358.345703125
3.05166666666667,-8339.4814453125
3.05333333333333,-8318.79296875
3.055,-8298.943359375
3.05666666666667,-8274.2939453125
3.05833333333333,-8251.814453125
3.06,-8222.734375
3.06166666666667,-8199.6357421875
3.06333333333333,-8175.83203125
3.065,-8153.60693359375
3.06666666666667,-8132.9140625
3.06833333333333,-8112.689453125
3.07,-8089.79931640625
3.07166666666667,-8072.18603515625
3.07333333333333,-8051.97607421875
3.075,-8032.236328125
3.07666666666667,-8008.9755859375
3.07833333333333,-7981.70703125
3.08,-7953.08544921875
3.08166666666667,-7931.60693359375
3.08333333333333,-7909.5146484375
3.085,-7887.76416015625
3.08666666666667,-7862.86669921875
3.08833333333333,-7839.53271484375
3.09,-7812.90478515625
3.09166666666667,-7790.8916015625
3.09333333333333,-7771.8642578125
3.095,-7753.9580078125
3.09666666666667,-7731.404296875
3.09833333333333,-7705.8291015625
3.1,-7678.61669921875
3.10166666666667,-7661.1435546875
3.10333333333333,-7641.98779296875
3.105,-7623.9140625
3.10666666666667,-7603.2255859375
3.10833333333333,-7583.05810546875
3.11,-7560.13232421875
3.11166666666667,-7542.7490234375
3.11333333333333,-7523.5478515625
3.115,-7498.83642578125
3.11666666666667,-7471.28759765625
3.11833333333333,-7445.29150390625
3.12,-7416.98828125
3.12166666666667,-7398.15625
3.12333333333333,-7379.66064453125
3.125,-7361.35791015625
3.12666666666667,-7340.11865234375
3.12833333333333,-7319.91845703125
3.13,-7297.4912109375
3.13166666666667,-7279.09814453125
3.13333333333333,-7258.54638671875
3.135,-7238.99267578125
3.13666666666667,-7215.58837890625
3.13833333333333,-7188.21142578125
3.14,-7160.51806640625
3.14166666666667,-7138.28369140625
3.14333333333333,-7115.8212890625
3.145,-7093.1337890625
3.14666666666667,-7069.09375
3.14833333333333,-7044.8720703125
3.15,-7018.30859375
3.15166666666667,-7001.26513671875
3.15333333333333,-6982.8115234375
3.155,-6963.04296875
3.15666666666667,-6940.83837890625
3.15833333333333,-6915.076171875
3.16,-6887.8759765625
3.16166666666667,-6865.91259765625
3.16333333333333,-6844.3125
3.165,-6823.0126953125
3.16666666666667,-6799.27197265625
3.16833333333333,-6775.7587890625
3.17,-6750.5048828125
3.17166666666667,-6729.09716796875
3.17333333333333,-6705.876953125
3.175,-6683.22265625
3.17666666666667,-6657.56884765625
3.17833333333333,-6632.20361328125
3.18,-6606.05029296875
3.18166666666667,-6589.353515625
3.18333333333333,-6571.61865234375
3.185,-6553.66357421875
3.18666666666667,-6534.357421875
3.18833333333333,-6515.19140625
3.19,-6493.6962890625
3.19166666666667,-6476.2568359375
3.19333333333333,-6457.658203125
3.195,-6433.37841796875
3.19666666666667,-6406.53759765625
3.19833333333333,-6381.12939453125
3.2,-6349.7841796875
3.20166666666667,-6326.8349609375
3.20333333333333,-6309.140625
3.205,-6291.17724609375
3.20666666666667,-6271.197265625
3.20833333333333,-6251.0029296875
3.21,-6229.28955078125
3.21166666666667,-6211.07666015625
3.21333333333333,-6191.23583984375
3.215,-6171.3759765625
3.21666666666667,-6149.3349609375
3.21833333333333,-6122.6962890625
3.22,-6095.67919921875
3.22166666666667,-6073.85986328125
3.22333333333333,-6052.076171875
3.225,-6029.25634765625
3.22666666666667,-6005.75927734375
3.22833333333333,-5982.3037109375
3.23,-5956.74853515625
3.23166666666667,-5934.9306640625
3.23333333333333,-5912.42236328125
3.235,-5888.77392578125
3.23666666666667,-5862.4189453125
3.23833333333333,-5837.3984375
3.24,-5811.4951171875
3.24166666666667,-5793.54443359375
3.24333333333333,-5775.625
3.245,-5757.83203125
3.24666666666667,-5738.3349609375
3.24833333333333,-5718.47900390625
3.25,-5697.6533203125
3.25166666666667,-5679.89404296875
3.25333333333333,-5660.46728515625
3.255,-5640.615234375
3.25666666666667,-5614.185546875
3.25833333333333,-5588.17919921875
3.26,-5561.61865234375
3.26166666666667,-5539.79052734375
3.26333333333333,-5518.609375
3.265,-5496.09423828125
3.26666666666667,-5472.994140625
3.26833333333333,-5450.123046875
3.27,-5425.26025390625
3.27166666666667,-5403.1572265625
3.27333333333333,-5380.611328125
3.275,-5357.3203125
3.27666666666667,-5331.77392578125
3.27833333333333,-5306.951171875
3.28,-5282.14697265625
3.28166666666667,-5261
3.28333333333333,-5240.01611328125
3.285,-5218.98388671875
3.28666666666667,-5196.70947265625
3.28833333333333,-5173.693359375
3.29,-5149.85009765625
3.29166666666667,-5128.8271484375
3.29333333333333,-5106.755859375
3.295,-5083.77392578125
3.29666666666667,-5059.71337890625
3.29833333333333,-5035.4521484375
3.3,-5010.6162109375
3.30166666666667,-4993.4130859375
3.30333333333333,-4976.67626953125
3.305,-4958.734375
3.30666666666667,-4940.34814453125
3.30833333333333,-4922.3291015625
3.31,-4897.97509765625
3.31166666666667,-4876.466796875
3.31333333333333,-4853.78173828125
3.315,-4830.41162109375
3.31666666666667,-4806.24462890625
3.31833333333333,-4782.69384765625
3.32,-4760.40283203125
3.32166666666667,-4741.2705078125
3.32333333333333,-4728.80126953125
3.325,-4714.953125
3.32666666666667,-4700.4599609375
3.32833333333333,-4684.73681640625
3.33,-4668.65087890625
3.33166666666667,-4654.36328125
3.33333333333333,-4639.46533203125
3.335,-4622.4697265625
3.33666666666667,-4600.0439453125
3.33833333333333,-4572.83740234375
3.34,-4545.33203125
3.34166666666667,-4521.24365234375
3.34333333333333,-4493.77197265625
3.345,-4470.3994140625
3.34666666666667,-4445.39013671875
3.34833333333333,-4421.173828125
3.35,-4401.7412109375
3.35166666666667,-4382.345703125
3.35333333333333,-4362.26220703125
3.355,-4341.61572265625
3.35666666666667,-4318.67919921875
3.35833333333333,-4295.65087890625
3.36,-4268.0849609375
3.36166666666667,-4248.14013671875
3.36333333333333,-4228.35302734375
3.365,-4207.36572265625
3.36666666666667,-4186.93212890625
3.36833333333333,-4165.66162109375
3.37,-4143.88916015625
3.37166666666667,-4123.38330078125
3.37333333333333,-4102.7265625
3.375,-4079.953125
3.37666666666667,-4056.3046875
3.37833333333333,-4033.13500976562
3.38,-4009.89624023438
3.38166666666667,-3989.4228515625
3.38333333333333,-3970.47827148438
3.385,-3950.55834960938
3.38666666666667,-3929.61962890625
3.38833333333333,-3908.42895507812
3.39,-3887.80517578125
3.39166666666667,-3868.0888671875
3.39333333333333,-3847.53588867188
3.395,-3826.064453125
3.39666666666667,-3803.42041015625
3.39833333333333,-3775.33325195312
3.4,-3747.8466796875
3.40166666666667,-3723.65405273438
3.40333333333333,-3700.96118164062
3.405,-3676.3369140625
3.40666666666667,-3651.99560546875
3.40833333333333,-3632.26953125
3.41,-3612.22265625
3.41166666666667,-3592.46362304688
3.41333333333333,-3573.10424804688
3.415,-3552.033203125
3.41666666666667,-3529.38696289062
3.41833333333333,-3502.24560546875
3.42,-3476.09301757812
3.42166666666667,-3456.0234375
3.42333333333333,-3436.68676757812
3.425,-3416.50341796875
3.42666666666667,-3390.34155273438
3.42833333333333,-3363.56567382812
3.43,-3337.3515625
3.43166666666667,-3312.62744140625
3.43333333333333,-3287.58935546875
3.435,-3261.02294921875
3.43666666666667,-3236.80932617188
3.43833333333333,-3214.22973632812
3.44,-3192.07543945312
3.44166666666667,-3172.369140625
3.44333333333333,-3154.94775390625
3.445,-3135.58203125
3.44666666666667,-3111.81420898438
3.44833333333333,-3086.552734375
3.45,-3060.19873046875
3.45166666666667,-3034.49291992188
3.45333333333333,-3008.74877929688
3.455,-2982.32348632812
3.45666666666667,-2954.04833984375
3.45833333333333,-2926.32788085938
3.46,-2898.81103515625
3.46166666666667,-2872.9443359375
3.46333333333333,-2847.72119140625
3.465,-2821.2900390625
3.46666666666667,-2795.21752929688
3.46833333333333,-2768.83862304688
3.47,-2744.03564453125
3.47166666666667,-2720.33325195312
3.47333333333333,-2697.20581054688
3.475,-2672.3046875
3.47666666666667,-2648.02612304688
3.47833333333333,-2623.41040039062
3.48,-2599.30834960938
3.48166666666667,-2580.38598632812
3.48333333333333,-2563.36254882812
3.485,-2543.40966796875
3.48666666666667,-2523.44506835938
3.48833333333333,-2503.16772460938
3.49,-2482.8857421875
3.49166666666667,-2462.47509765625
3.49333333333333,-2443.2578125
3.495,-2421.99194335938
3.49666666666667,-2400.41674804688
3.49833333333333,-2379.35278320312
3.5,-2358.88696289062
3.50166666666667,-2339.27880859375
3.50333333333333,-2321.03125
3.505,-2301.14794921875
3.50666666666667,-2280.89965820312
3.50833333333333,-2260.08862304688
3.51,-2240.8134765625
3.51166666666667,-2221.638671875
3.51333333333333,-2202.56762695312
3.515,-2182.17309570312
3.51666666666667,-2161.62255859375
3.51833333333333,-2140.38671875
3.52,-2119.99633789062
3.52166666666667,-2100.98461914062
3.52333333333333,-2083.57080078125
3.525,-2063.18725585938
3.52666666666667,-2044.19641113281
3.52833333333333,-2024.03283691406
3.53,-2004.59167480469
3.53166666666667,-1985.28051757812
3.53333333333333,-1967.25915527344
3.535,-1946.53979492188
3.53666666666667,-1926.47717285156
3.53833333333333,-1906.40466308594
3.54,-1886.98376464844
3.54166666666667,-1871.37097167969
3.54333333333333,-1858.18176269531
3.545,-1842.25622558594
3.54666666666667,-1826.15954589844
3.54833333333333,-1810.12548828125
3.55,-1795.22351074219
3.55166666666667,-1779.14880371094
3.55333333333333,-1764.02282714844
3.555,-1747.51013183594
3.55666666666667,-1755.9765625
3.55833333333333,-1739.39538574219
3.56,-1697.22924804688
3.56166666666667,-1708.77905273438
3.56333333333333,-1693.08386230469
3.565,-1652.13037109375
3.56666666666667,-1662.64038085938
3.56833333333333,-1646.83142089844
3.57,-1604.36413574219
3.57166666666667,-1615.474609375
3.57333333333333,-1599.1103515625
3.575,-1557.37939453125
3.57666666666667,-1567.24645996094
3.57833333333333,-1551.75024414062
3.58,-1508.61865234375
3.58166666666667,-1525.052734375
3.58333333333333,-1513.52526855469
3.585,-1473.24658203125
3.58666666666667,-1488.86840820312
3.58833333333333,-1476.93017578125
3.59,-1436.28833007812
3.59166666666667,-1452.33142089844
3.59333333333333,-1439.31457519531
3.595,-1398.36987304688
3.59666666666667,-1412.80920410156
3.59833333333333,-1399.76733398438
3.6,-1358.51623535156
3.60166666666667,-1375.07739257812
3.60333333333333,-1362.78344726562
3.605,-1323.21789550781
3.60666666666667,-1339.54064941406
3.60833333333333,-1326.89685058594
3.61,-1285.693359375
3.61166666666667,-1302.2568359375
3.61333333333333,-1288.55883789062
3.615,-1276.76220703125
3.61666666666667,-1262.24548339844
3.61833333333333,-1249.34985351562
3.62,-1234.15417480469
3.62166666666667,-1224.61059570312
3.62333333333333,-1212.41650390625
3.625,-1201.32885742188
3.62666666666667,-1187.40393066406
3.62833333333333,-1174.998046875
3.63,-1160.73596191406
3.63166666666667,-1150.17346191406
3.63333333333333,-1137.42468261719
3.635,-1125.52355957031
3.63666666666667,-1110.95568847656
3.63833333333333,-1098.09020996094
3.64,-1082.87084960938
3.64166666666667,-1072.68029785156
3.64333333333333,-1060.45373535156
3.645,-1050.23352050781
3.64666666666667,-1035.89367675781
3.64833333333333,-1023.31488037109
3.65,-1009.71026611328
3.65166666666667,-998.548950195312
3.65333333333333,-984.942565917969
3.655,-973.397766113281
3.65666666666667,-958.584533691406
3.65833333333333,-945.623962402344
3.66,-930.930236816406
3.66166666666667,-925.877014160156
3.66333333333333,-916.658935546875
3.665,-909.234313964844
3.66666666666667,-899.017028808594
3.66833333333333,-889.376525878906
3.67,-877.776611328125
3.67166666666667,-870.654846191406
3.67333333333333,-860.465454101562
3.675,-851.029174804688
3.67666666666667,-839.540649414062
3.67833333333333,-829.084899902344
3.68,-816.653503417969
3.68166666666667,-809.329833984375
3.68333333333333,-800.323486328125
3.685,-791.936279296875
3.68666666666667,-781.043029785156
3.68833333333333,-771.368896484375
3.69,-760.013793945312
3.69166666666667,-751.319030761719
3.69333333333333,-741.162109375
3.695,-731.988098144531
3.69666666666667,-719.970947265625
3.69833333333333,-709.763000488281
3.7,-697.578186035156
3.70166666666667,-693.419677734375
3.70333333333333,-686.801025390625
3.705,-681.687438964844
3.70666666666667,-673.141235351562
3.70833333333333,-665.888977050781
3.71,-657.671203613281
3.71166666666667,-651.957092285156
3.71333333333333,-643.786865234375
3.715,-637.060852050781
3.71666666666667,-627.860717773438
3.71833333333333,-619.353393554688
3.72,-609.650207519531
3.72166666666667,-604.552917480469
3.72333333333333,-597.153259277344
3.725,-590.961059570312
3.72666666666667,-582.868591308594
3.72833333333333,-574.902648925781
3.73,-565.650329589844
3.73166666666667,-559.127380371094
3.73333333333333,-550.721618652344
3.735,-542.623352050781
3.73666666666667,-533.21435546875
3.73833333333333,-524.786499023438
3.74,-514.548950195312
3.74166666666667,-508.253479003906
3.74333333333333,-500.889801025391
3.745,-493.690887451172
3.74666666666667,-484.437377929688
3.74833333333333,-476.234680175781
3.75,-466.955078125
3.75166666666667,-459.916900634766
3.75333333333333,-451.310943603516
3.755,-443.672210693359
3.75666666666667,-433.166564941406
3.75833333333333,-424.028533935547
3.76,-413.720184326172
3.76166666666667,-410.874145507812
3.76333333333333,-405.986877441406
3.765,-402.317504882812
3.76666666666667,-395.952972412109
3.76833333333333,-389.998077392578
3.77,-383.520385742188
3.77166666666667,-379.110076904297
3.77333333333333,-372.425842285156
3.775,-366.812133789062
3.77666666666667,-359.555206298828
3.77833333333333,-352.600006103516
3.78,-344.915435791016
3.78166666666667,-341.082427978516
3.78333333333333,-335.573150634766
3.785,-330.254760742188
3.78666666666667,-323.575164794922
3.78833333333333,-317.013366699219
3.79,-309.363037109375
3.79166666666667,-304.251220703125
3.79333333333333,-297.829254150391
3.795,-291.120635986328
3.79666666666667,-283.040954589844
3.79833333333333,-275.799682617188
3.8,-267.111328125
3.80166666666667,-261.509796142578
3.80333333333333,-255.752182006836
3.805,-250.125122070312
3.80666666666667,-242.396469116211
3.80833333333333,-235.571228027344
3.81,-227.902923583984
3.81166666666667,-221.69157409668
3.81333333333333,-214.265213012695
3.815,-207.76432800293
3.81666666666667,-198.784118652344
3.81833333333333,-190.804229736328
3.82,-182.144302368164
3.82166666666667,-180.270156860352
3.82333333333333,-176.756286621094
3.825,-173.820327758789
3.82666666666667,-168.855880737305
3.82833333333333,-163.993560791016
3.83,-159.007064819336
3.83166666666667,-155.718322753906
3.83333333333333,-150.711517333984
3.835,-146.160202026367
3.83666666666667,-140.438568115234
3.83833333333333,-134.505722045898
3.84,-127.983947753906
3.84166666666667,-124.701591491699
3.84333333333333,-120.956207275391
3.845,-116.845283508301
3.84666666666667,-111.550689697266
3.84833333333333,-106.299034118652
3.85,-99.9315948486328
3.85166666666667,-95.3297958374023
3.85333333333333,-90.0845184326172
3.855,-84.4087142944336
3.85666666666667,-77.5759353637695
3.85833333333333,-71.7719039916992
3.86,-64.8317794799805
3.86166666666667,-60.326301574707
3.86333333333333,-55.7245025634766
3.865,-50.9956321716309
3.86666666666667,-44.3856620788574
3.86833333333333,-38.7736854553223
3.87,-33.0932426452637
3.87166666666667,-28.6933650970459
3.87333333333333,-23.5716800689697
3.875,-19.8187561035156
3.87666666666667,-15.5900449752808
3.87833333333333,-13.8824319839478
3.88,-13.3329553604126
3.88166666666667,-15.6416893005371
3.88333333333333,-16.4308032989502
3.885,-16.4122352600098
3.88666666666667,-15.4293279647827
3.88833333333333,-14.4887762069702
3.89,-14.7510404586792
3.89166666666667,-15.417142868042
3.89333333333333,-15.3243064880371
3.895,-14.0216913223267
3.89666666666667,-13.7095279693604
3.89833333333333,-13.9567070007324
3.9,-13.9015846252441
3.90166666666667,-14.1301956176758
3.90333333333333,-15.0283899307251
3.905,-13.6474447250366
3.90666666666667,-12.5577754974365
3.90833333333333,-12.1626415252686
3.91,-12.5908489227295
3.91166666666667,-12.7051553726196
3.91333333333333,-13.0550327301025
3.915,-11.8278484344482
3.91666666666667,-11.0793504714966
3.91833333333333,-11.7437133789062
3.92,-12.1562557220459
3.92166666666667,-14.2915010452271
3.92333333333333,-15.8453540802002
3.925,-16.0797672271729
3.92666666666667,-15.0011215209961
3.92833333333333,-14.3884000778198
3.93,-15.1589450836182
3.93166666666667,-15.5923757553101
3.93333333333333,-15.2291526794434
3.935,-14.6999816894531
3.93666666666667,-13.676456451416
3.93833333333333,-13.4136123657227
3.94,-13.6619510650635
3.94166666666667,-13.9567079544067
3.94333333333333,-14.3709907531738
3.945,-13.3352823257446
3.94666666666667,-12.7190771102905
3.94833333333333,-11.6433334350586
3.95,-12.1620578765869
3.95166666666667,-12.755051612854
3.95333333333333,-12.8409261703491
3.955,-11.3450946807861
3.95666666666667,-11.1077814102173
3.95833333333333,-11.2847528457642
3.96,-11.3729467391968
3.96166666666667,-11.2905550003052
3.96333333333333,-12.5113573074341
3.965,-11.1837930679321
3.96666666666667,-9.98794174194336
3.96833333333333,-9.50054931640625
3.97,-10.1417026519775
3.97166666666667,-9.94152450561523
3.97333333333333,-10.2037887573242
3.975,-9.10889625549316
3.97666666666667,-8.71143913269043
3.97833333333333,-9.48140335083008
3.98,-10.0239181518555
3.98166666666667,-11.9351921081543
3.98333333333333,-13.0242834091187
3.985,-12.6790466308594
3.98666666666667,-11.8667259216309
3.98833333333333,-11.1594257354736
3.99,-12.3216257095337
3.99166666666667,-13.0184812545776
3.99333333333333,-12.6099996566772
3.995,-11.567907333374
3.99666666666667,-10.8722133636475
3.99833333333333,-10.5113105773926
4,-10.7172918319702
4.00166666666667,-10.998703956604
4.00333333333333,-11.9369344711304
4.005,-10.5559883117676
4.00666666666667,-10.1759376525879
4.00833333333333,-9.340407371521
4.01,-9.69841003417969
4.01166666666667,-10.0175361633301
4.01333333333333,-10.367995262146
4.015,-8.45381927490234
4.01666666666667,-8.55594062805176
4.01833333333333,-9.22146320343018
4.02,-9.49185085296631
4.02166666666667,-9.15357780456543
4.02333333333333,-10.2148170471191
4.025,-8.52809047698975
4.02666666666667,-7.33223724365234
4.02833333333333,-6.8552885055542
4.03,-8.00356292724609
4.03166666666667,-7.95076274871826
4.03333333333333,-8.17067050933838
4.035,-6.93536281585693
4.03666666666667,-6.3945894241333
4.03833333333333,-6.89706754684448
4.04,-7.45350790023804
4.04166666666667,-9.19303512573242
4.04333333333333,-10.5594749450684
4.045,-10.0581560134888
4.04666666666667,-9.67404460906982
4.04833333333333,-8.77236843109131
4.05,-9.70885848999023
4.05166666666667,-10.2438297271729
4.05333333333333,-10.0297250747681
4.055,-8.50952529907227
4.05666666666667,-8.39115905761719
4.05833333333333,-8.21302890777588
4.06,-8.46078681945801
4.06166666666667,-8.33835887908936
4.06333333333333,-9.27078723907471
4.065,-7.33688306808472
4.06666666666667,-6.85587215423584
4.06833333333333,-6.21239805221558
4.07,-7.0421257019043
4.07166666666667,-7.08042097091675
4.07333333333333,-7.65368843078613
4.075,-5.83757066726685
4.07666666666667,-5.64435482025146
4.07833333333333,-6.24315118789673
4.08,-6.68586683273315
4.08166666666667,-8.25886917114258
4.08333333333333,-10.4788265228271
4.085,-10.1562194824219
4.08666666666667,-9.12747287750244
4.08833333333333,-8.43874073028564
4.09,-9.371169090271
4.09166666666667,-9.10484409332275
4.09333333333333,-9.01258754730225
4.095,-8.06333160400391
4.09666666666667,-7.43552398681641
4.09833333333333,-7.35023021697998
4.1,-8.11903381347656
4.10166666666667,-8.08131885528564
4.10333333333333,-8.6087474822998
4.105,-7.266676902771
4.10666666666667,-6.80655479431152
4.10833333333333,-5.54745721817017
4.11,-6.66671943664551
4.11166666666667,-7.23360347747803
4.11333333333333,-7.28582429885864
4.115,-5.40936326980591
4.11666666666667,-5.45926284790039
4.11833333333333,-5.27823162078857
4.12,-5.47202825546265
4.12166666666667,-5.02931308746338
4.12333333333333,-6.29015159606934
4.125,-4.46010875701904
4.12666666666667,-4.03480052947998
4.12833333333333,-3.42555975914001
4.13,-4.46997261047363
4.13166666666667,-3.96227192878723
4.13333333333333,-4.41659116744995
4.135,-2.82270121574402
4.13666666666667,-2.76525855064392
4.13833333333333,-3.61297369003296
4.14,-4.36030864715576
4.14166666666667,-3.28340315818787
4.14333333333333,-3.94718551635742
4.145,-2.43452787399292
4.14666666666667,-1.38605356216431
4.14833333333333,-0.491920113563538
4.15,-2.40319538116455
4.15166666666667,-2.41363954544067
4.15333333333333,-2.05505776405334
4.155,-0.974670767784119
4.15666666666667,-1.10174107551575
4.15833333333333,-1.27406930923462
4.16,-1.84269428253174
4.16166666666667,-3.29906988143921
4.16333333333333,-4.65332508087158
4.165,-3.42904138565063
4.16666666666667,-3.53870487213135
4.16833333333333,-2.46121907234192
4.17,-3.63096141815186
4.17166666666667,-3.83868336677551
4.17333333333333,27.1838550567627
4.175,11.8640613555908
4.17666666666667,17.2572937011719
4.17833333333333,15.5868129730225
4.18,16.1629810333252
4.18166666666667,16.2970142364502
4.18333333333333,15.7214269638062
4.185,16.0376510620117
4.18666666666667,16.0382308959961
4.18833333333333,15.7202653884888
4.19,15.8531379699707
4.19166666666667,16.2088184356689
4.19333333333333,15.9906520843506
4.195,16.0794277191162
4.19666666666667,16.4461326599121
4.19833333333333,16.1861896514893
4.2,15.9964542388916
4.20166666666667,16.2482738494873
4.20333333333333,16.3091983795166
4.205,15.8386325836182
4.20666666666667,16.12526512146
4.20833333333333,16.2111396789551
4.21,15.9070997238159
4.21166666666667,15.8664836883545
4.21333333333333,16.3573570251465
4.215,16.0736255645752
4.21666666666667,16.1003170013428
4.21833333333333,16.4223442077637
4.22,16.3376312255859
4.22166666666667,15.9540996551514
4.22333333333333,16.0678253173828
4.225,16.1618232727051
4.22666666666667,15.7318735122681
4.22833333333333,15.9274110794067
4.23,16.2140445709229
4.23166666666667,15.9778909683228
4.23333333333333,15.9198684692383
4.235,16.4229278564453
4.23666666666667,16.1119251251221
4.23833333333333,16.044038772583
4.24,16.3289318084717
4.24166666666667,16.446138381958
4.24333333333333,15.9494619369507
4.245,16.11598777771
4.24666666666667,16.2279720306396
4.24833333333333,15.8699703216553
4.25,15.9187097549438
4.25166666666667,16.3283519744873
4.25333333333333,16.2239112854004
4.255,16.1798133850098
4.25666666666667,16.6028003692627
4.25833333333333,16.4594841003418
4.26,16.1896781921387
4.26166666666667,16.3683891296387
4.26333333333333,16.541877746582
4.265,16.100902557373
4.26666666666667,16.2958602905273
4.26833333333333,16.5157680511475
4.27,16.3022441864014
4.27166666666667,16.1740131378174
4.27333333333333,16.7049236297607
4.275,16.5343360900879
4.27666666666667,16.4623870849609
4.27833333333333,16.8331527709961
4.28,16.8395347595215
4.28166666666667,16.4948787689209
4.28333333333333,16.5314331054688
4.285,16.7594623565674
4.28666666666667,16.3010807037354
4.28833333333333,16.4066829681396
4.29,16.7449569702148
4.29166666666667,16.6236896514893
4.29333333333333,16.4519424438477
4.295,16.9689273834229
4.29666666666667,16.7739696502686
4.29833333333333,16.6225299835205
4.3,16.8511409759521
4.30166666666667,17.0693073272705
4.30333333333333,16.5958404541016
4.305,16.6718502044678
4.30666666666667,16.9085845947266
4.30833333333333,16.5964202880859
4.31,16.5273723602295
4.31166666666667,16.9155464172363
4.31333333333333,16.9335327148438
4.315,16.7501811981201
4.31666666666667,17.2108840942383
4.31833333333333,17.1105041503906
4.32,16.8093643188477
4.32166666666667,16.8650665283203
4.32333333333333,17.1174659729004
4.325,16.6950588226318
4.32666666666667,16.7519207000732
4.32833333333333,17.0310115814209
4.33,16.8540420532227
4.33166666666667,16.5981616973877
4.33333333333333,17.0629253387451
4.335,16.9642868041992
4.33666666666667,16.7693290710449
4.33833333333333,17.0942573547363
4.34,17.1963768005371
4.34166666666667,16.8557815551758
4.34333333333333,16.7339324951172
4.345,17.0112819671631
4.34666666666667,16.574369430542
4.34833333333333,16.5679874420166
4.35,16.9167060852051
4.35166666666667,16.8958187103271
4.35333333333333,16.6358757019043
4.355,17.1163063049316
4.35666666666667,17.039134979248
4.35833333333333,16.7942790985107
4.36,16.9474601745605
4.36166666666667,17.2358341217041
4.36333333333333,16.8360557556152
4.365,16.8082046508789
4.36666666666667,17.0971584320068
4.36833333333333,16.7966003417969
4.37,16.6469020843506
4.37166666666667,16.9753112792969
4.37333333333333,17.1099243164062
4.375,16.8151683807373
4.37666666666667,17.2636852264404
4.37833333333333,17.3054618835449
4.38,16.9886569976807
4.38166666666667,16.9161281585693
4.38333333333333,17.2271308898926
4.385,16.8302536010742
4.38666666666667,16.780933380127
4.38833333333333,17.1197872161865
4.39,17.0577030181885
4.39166666666667,16.7577247619629
4.39333333333333,17.1725883483887
4.395,17.2619438171387
4.39666666666667,16.9985198974609
4.39833333333333,17.2306118011475
4.4,17.4319515228271
4.40166666666667,17.1180477142334
4.40333333333333,16.8673877716064
4.405,17.2747077941895
4.40666666666667,16.9080028533936
4.40833333333333,16.7687473297119
4.41,17.0965766906738
4.41166666666667,17.2207450866699
4.41333333333333,16.9178657531738
4.415,17.3234462738037
4.41666666666667,17.3594207763672
4.41833333333333,17.0814914703369
4.42,17.1122436523438
4.42166666666667,17.4168643951416
4.42333333333333,17.0925159454346
4.425,16.8517208099365
4.42666666666667,17.1899948120117
4.42833333333333,17.0199871063232
4.43,16.7675876617432
4.43166666666667,17.0107040405273
4.43333333333333,17.2857322692871
4.435,16.9445571899414
4.43666666666667,17.3240280151367
4.43833333333333,17.4980964660645
4.44,17.2265491485596
4.44166666666667,17.0240497589111
4.44333333333333,17.3054618835449
4.445,17.04958152771
4.44666666666667,16.8412799835205
4.44833333333333,17.1592464447021
4.45,17.2190093994141
4.45166666666667,16.8708724975586
4.45333333333333,17.1650485992432
4.455,17.3913383483887
4.45666666666667,17.01708984375
4.45833333333333,17.1818752288818
4.46,17.4534225463867
4.46166666666667,17.2544040679932
4.46333333333333,16.8633289337158
4.465,17.272970199585
4.46666666666667,17.0582847595215
4.46833333333333,16.8337364196777
4.47,17.105863571167
4.47166666666667,17.3721885681152
4.47333333333333,17.0814933776855
4.475,17.3803119659424
4.47666666666667,17.5828113555908
4.47833333333333,17.2799320220947
4.48,17.2306118011475
4.48166666666667,17.5439357757568
4.48333333333333,17.3861141204834
4.485,17.0756912231445
4.48666666666667,17.436014175415
4.48833333333333,17.3884353637695
4.49,17.111665725708
4.49166666666667,17.227710723877
4.49333333333333,17.6698455810547
4.495,17.2996597290039
4.49666666666667,17.5543804168701
4.49833333333333,17.8241863250732
4.5,17.63503074646
4.50166666666667,17.3437557220459
4.50333333333333,17.5915145874023
4.505,17.5033187866211
4.50666666666667,17.1406745910645
4.50833333333333,17.4615421295166
4.51,17.6553382873535
4.51166666666667,17.3704452514648
4.51333333333333,17.4957752227783
4.515,17.8706035614014
4.51666666666667,17.5445156097412
4.51833333333333,17.6280689239502
4.52,17.9437141418457
4.52166666666667,17.9239864349365
4.52333333333333,17.48069190979
4.525,17.8439159393311
4.52666666666667,17.7539806365967
4.52833333333333,17.4482002258301
4.53,17.5816535949707
4.53166666666667,17.9442977905273
4.53333333333333,17.6953792572021
4.535,17.8357944488525
4.53666666666667,18.1682662963867
4.53833333333333,17.9733085632324
4.54,17.7597846984863
4.54166666666667,18.0261096954346
4.54333333333333,18.0458374023438
4.545,17.6512813568115
4.54666666666667,17.9593830108643
4.54833333333333,18.0551204681396
4.55,17.7771911621094
4.55166666666667,17.7841529846191
4.55333333333333,18.3110008239746
4.555,17.9854927062988
4.55666666666667,18.0939960479736
4.55833333333333,18.4415531158447
4.56,18.3748264312744
4.56166666666667,17.9924545288086
4.56333333333333,18.145055770874
4.565,18.2384719848633
4.56666666666667,17.8154850006104
4.56833333333333,18.0174045562744
4.57,18.3492965698242
4.57166666666667,18.1653633117676
4.57333333333333,18.1589813232422
4.575,18.612720489502
4.57666666666667,18.2912731170654
4.57833333333333,18.2384719848633
4.58,18.5088596343994
4.58166666666667,18.5767459869385
4.58333333333333,18.0748481750488
4.585,18.3284091949463
4.58666666666667,18.3968753814697
4.58833333333333,18.0597629547119
4.59,18.0928363800049
4.59166666666667,18.4873924255371
4.59333333333333,18.3533592224121
4.595,18.3417549133301
4.59666666666667,18.73166847229
4.59833333333333,18.5866107940674
4.6,18.3168048858643
4.60166666666667,18.4647636413574
4.60333333333333,18.6289691925049
4.605,18.1549224853516
4.60666666666667,18.3748302459717
4.60833333333333,18.613883972168
4.61,18.3620643615723
4.61166666666667,18.2013416290283
4.61333333333333,18.7293510437012
4.615,18.5280113220215
4.61666666666667,18.4769515991211
4.61833333333333,18.8094234466553
4.62,18.8691864013672
4.62166666666667,18.4757900238037
4.62333333333333,18.5169868469238
4.625,18.7241287231445
4.62666666666667,18.2872161865234
4.62833333333333,18.4021015167236
4.63,18.7357330322266
4.63166666666667,18.6672668457031
4.63333333333333,18.5053825378418
4.635,18.9840717315674
4.63666666666667,18.8053607940674
4.63833333333333,18.6307125091553
4.64,18.8308925628662
4.64166666666667,19.0548610687256
4.64333333333333,18.570369720459
4.645,18.6887359619141
4.64666666666667,18.8813724517822
4.64833333333333,18.6069240570068
4.65,18.5100250244141
4.65166666666667,18.9382343292236
4.65333333333333,18.9643440246582
4.655,18.7630043029785
4.65666666666667,19.2086200714111
4.65833333333333,19.179027557373
4.66,18.8436546325684
4.66166666666667,18.8477153778076
4.66333333333333,19.1210041046143
4.665,18.6794490814209
4.66666666666667,18.7113609313965
4.66833333333333,19.0032157897949
4.67,18.9022560119629
4.67166666666667,18.6394119262695
4.67333333333333,19.1413097381592
4.675,19.0589179992676
4.67666666666667,18.9156017303467
4.67833333333333,19.2451725006104
4.68,19.3948707580566
4.68166666666667,19.0241050720215
4.68333333333333,18.9254665374756
4.685,19.2556171417236
4.68666666666667,18.8540992736816
4.68833333333333,18.8651237487793
4.69,19.2561988830566
4.69166666666667,19.2277679443359
4.69333333333333,19.0235271453857
4.695,19.5399303436279
4.69666666666667,19.3705024719238
4.69833333333333,19.1952724456787
4.7,19.396032333374
4.70166666666667,19.6118774414062
4.70333333333333,19.1360893249512
4.705,19.3002948760986
4.70666666666667,19.5132389068604
4.70833333333333,19.2045574188232
4.71,19.167423248291
4.71166666666667,19.6066570281982
4.71333333333333,19.5613994598389
4.715,19.4726238250732
4.71666666666667,19.9246215820312
4.71833333333333,19.8021926879883
4.72,19.5016345977783
4.72166666666667,19.6385688781738
4.72333333333333,19.7894287109375
4.725,19.3623790740967
4.72666666666667,19.619421005249
4.72833333333333,19.8346862792969
4.73,19.5915699005127
4.73166666666667,19.5254230499268
4.73333333333333,20.0934677124023
4.735,19.8358459472656
4.73666666666667,19.8979301452637
4.73833333333333,20.2797203063965
4.74,20.237943649292
4.74166666666667,19.8294620513916
4.74333333333333,20.0238380432129
4.745,20.0882434844971
4.74666666666667,19.713415145874
4.74833333333333,19.9443454742432
4.75,20.2594108581543
4.75166666666667,20.0534286499023
4.75333333333333,20.1184139251709
4.755,20.5501041412354
4.75666666666667,20.230978012085
4.75833333333333,20.2315578460693
4.76,20.5408191680908
4.76166666666667,20.5477809906006
4.76333333333333,20.0870780944824
4.765,20.482213973999
4.76666666666667,20.4038829803467
4.76833333333333,20.1137676239014
4.77,20.3064041137695
4.77166666666667,20.6905155181885
4.77333333333333,20.4212894439697
4.775,20.6197280883789
4.77666666666667,20.8924350738525
4.77833333333333,20.6638240814209
4.78,20.5373344421387
4.78166666666667,20.8396339416504
4.78333333333333,20.7259082794189
4.785,20.4125843048096
4.78666666666667,20.7636222839355
4.78833333333333,20.7694244384766
4.79,20.4601631164551
4.79166666666667,20.6139240264893
4.79333333333333,21.0253067016602
4.795,20.6655654907227
4.79666666666667,20.940013885498
4.79833333333333,21.17848777771
4.8,20.9580001831055
4.80166666666667,20.6922550201416
4.80333333333333,21.0189247131348
4.805,20.8036594390869
4.80666666666667,20.6185665130615
4.80833333333333,20.9405937194824
4.81,21.056058883667
4.81166666666667,20.7340316772461
4.81333333333333,21.0490970611572
4.815,21.2713241577148
4.81666666666667,20.9574203491211
4.81833333333333,21.1593399047852
4.82,21.4802074432373
4.82166666666667,21.2661037445068
4.82333333333333,20.9649639129639
4.825,21.3833084106445
4.82666666666667,21.0827503204346
4.82833333333333,20.9069404602051
4.83,21.2788677215576
4.83166666666667,21.5208225250244
4.83333333333333,21.240571975708
4.835,21.6577568054199
4.83666666666667,21.7059154510498
4.83833333333333,21.4326267242432
4.84,21.4918098449707
4.84166666666667,21.8126773834229
4.84333333333333,21.4604778289795
4.845,21.4036159515381
4.84666666666667,21.7418899536133
4.84833333333333,21.5538959503174
4.85,21.335729598999
4.85166666666667,21.7343463897705
4.85333333333333,21.8759231567383
4.855,21.6252632141113
4.85666666666667,22.0732002258301
4.85833333333333,22.1323833465576
4.86,21.8097763061523
4.86166666666667,21.7604560852051
4.86333333333333,22.0801620483398
4.865,21.7221603393555
4.86666666666667,21.748851776123
4.86833333333333,22.0679779052734
4.87,21.9710788726807
4.87166666666667,21.7355060577393
4.87333333333333,22.216516494751
4.875,22.150369644165
4.87666666666667,21.9629554748535
4.87833333333333,22.3157348632812
4.88,22.4323616027832
4.88166666666667,22.0337448120117
4.88333333333333,22.0145969390869
4.885,22.2722187042236
4.88666666666667,21.8237018585205
4.88833333333333,21.8730220794678
4.89,22.2472705841064
4.89166666666667,22.1851863861084
4.89333333333333,22.0354881286621
4.895,22.547830581665
4.89666666666667,22.3493919372559
4.89833333333333,22.2205810546875
4.9,22.4520931243896
4.90166666666667,22.6679382324219
4.90333333333333,22.1991138458252
4.905,22.4445514678955
4.90666666666667,22.5977325439453
4.90833333333333,22.3064575195312
4.91,22.2890510559082
4.91166666666667,22.7625179290771
4.91333333333333,22.6563358306885
4.915,22.6453113555908
4.91666666666667,23.0404472351074
4.91833333333333,22.9162788391113
4.92,22.6528549194336
4.92166666666667,22.8280849456787
4.92333333333333,22.9609565734863
4.925,22.536808013916
4.92666666666667,22.8077754974365
4.92833333333333,23.0131759643555
4.93,22.7410488128662
4.93166666666667,22.7277030944824
4.93333333333333,23.277759552002
4.935,22.9690780639648
4.93666666666667,23.0375442504883
4.93833333333333,23.4065704345703
4.94,23.3439064025879
4.94166666666667,22.9412269592285
4.94333333333333,23.206392288208
4.945,23.2069721221924
4.94666666666667,22.831563949585
4.94833333333333,23.1193580627441
4.95,23.3816223144531
4.95166666666667,23.1524314880371
4.95333333333333,23.2655754089355
4.955,23.6224155426025
4.95666666666667,23.2649936676025
4.95833333333333,23.3247566223145
4.96,23.6641902923584
4.96166666666667,23.6351795196533
4.96333333333333,23.2121925354004
4.965,23.5992050170898
4.96666666666667,23.4680728912354
4.96833333333333,23.1878223419189
4.97,23.3978652954102
4.97166666666667,23.7773361206055
4.97333333333333,23.4547290802002
4.975,23.7309188842773
4.97666666666667,23.9386405944824
4.97833333333333,23.6705741882324
4.98,23.5638122558594
4.98166666666667,23.8788776397705
4.98333333333333,23.703067779541
4.985,23.473876953125
4.98666666666667,23.8458042144775
4.98833333333333,23.8127307891846
4.99,23.4999866485596
4.99166666666667,23.7384605407715
4.99333333333333,24.0761547088623
4.995,23.7239551544189
4.99666666666667,24.0732536315918
4.99833333333333,24.2740135192871
5,24.0291576385498
5.00166666666667,23.7622528076172
5.00333333333333,24.1202545166016
5.005,23.8440647125244
5.00666666666667,23.7123527526855
5.00833333333333,24.0256767272949
5.01,24.0941429138184
5.01166666666667,23.8069286346436
5.01333333333333,24.2154102325439
5.015,24.3117275238037
5.01666666666667,24.015230178833
5.01833333333333,24.25022315979
5.02,24.5258312225342
5.02166666666667,24.1927795410156
5.02333333333333,23.9862174987793
5.025,24.3801937103271
5.02666666666667,23.9943408966064
5.02833333333333,23.875394821167
5.03,24.2119274139404
5.03166666666667,24.3442192077637
5.03333333333333,24.0604877471924
5.035,24.5258312225342
5.03666666666667,24.4544639587402
5.03833333333333,24.155065536499
5.04,24.2339763641357
5.04166666666667,24.523509979248
5.04333333333333,24.0999431610107
5.045,24.1248931884766
5.04666666666667,24.3772926330566
5.04833333333333,24.1649284362793
5.05,23.9885387420654
5.05166666666667,24.4335746765137
5.05333333333333,24.4875354766846
5.055,24.2919979095459
5.05666666666667,24.7202072143555
5.05833333333333,24.7410945892334
5.06,24.4231281280518
5.06166666666667,24.4010791778564
5.06333333333333,24.6552200317383
5.065,24.2171478271484
5.06666666666667,24.3018608093262
5.06833333333333,24.5797901153564
5.07,24.3778705596924
5.07166666666667,24.1620254516602
5.07333333333333,24.6795902252197
5.075,24.4811515808105
5.07666666666667,24.3743896484375
5.07833333333333,24.7155647277832
5.08,24.7544403076172
5.08166666666667,24.2815532684326
5.08333333333333,24.1721801757812
5.085,24.4875354766846
5.08666666666667,24.2487716674805
5.08833333333333,24.0897884368896
5.09,24.5519409179688
5.09166666666667,24.5713787078857
5.09333333333333,24.2760429382324
5.095,24.8420562744141
5.09666666666667,24.7669162750244
5.09833333333333,24.4918880462646
5.1,24.7550220489502
5.10166666666667,24.8730983734131
