2.19418,0.648202356336634
2.19478,0.619750215879203
2.19538,0.596176804387259
2.19598,0.57461702362216
2.19658,0.558485323824423
2.19718,0.550126836790009
2.19778,0.558647434081126
2.19838,0.567245419439031
2.19898,0.582648107806956
2.19958,0.599913073564739
2.20018,0.625476518635061
2.20078,0.645601516913985
2.20138,0.655093891197078
2.20198,0.66291523738167
2.20258,0.666740275833916
2.20318,0.676481464994274
2.20378,0.68108642556111
2.20438,0.688418147939342
2.20498,0.692997060078183
2.20558,0.70124143497982
2.20618,0.705186657595861
2.20678,0.711389905490733
2.20738,0.717832817702899
2.20798,0.720772939026358
2.20858,0.728195421207353
2.20918,0.73284974798986
2.20978,0.731738760473104
2.21038,0.736565685024783
2.21098,0.727573177721583
2.21158,0.728443075540536
2.21218,0.725218896774096
2.21278,0.726751393988589
2.21338,0.730560520296584
2.21398,0.735884582337897
2.21458,0.739615052797078
2.21518,0.744358927992657
2.21578,0.744500479060298
2.21638,0.744134774858157
2.21698,0.745254290483215
2.21758,0.745818893018291
2.21818,0.748878502222666
2.21878,0.746029416532509
2.21938,0.749265181505065
2.21998,0.748202749580735
2.22058,0.748910554906867
2.22118,0.74866883389875
2.22178,0.748989817054967
2.22238,0.75002493289755
2.22298,0.75578070947531
2.22358,0.758835057450168
2.22418,0.761136974350246
2.22478,0.763077221765283
2.22538,0.767797395154737
2.22598,0.769001856619871
2.22658,0.768687557515835
2.22718,0.768498359616251
2.22778,0.76572134277906
2.22838,0.763403824374294
2.22898,0.764212308676181
2.22958,0.759757476132521
2.23018,0.754503966441918
2.23078,0.750212835323325
2.23138,0.742649730693109
2.23198,0.741639254407772
2.23258,0.739876730373576
2.23318,0.737867521643364
2.23378,0.735212470879601
2.23438,0.73230453992978
2.23498,0.731099478155226
2.23558,0.732547309386146
2.23618,0.730005567092434
2.23678,0.730646504854807
2.23738,0.731319142170355
2.23798,0.730906935886267
2.23858,0.732464360337902
2.23918,0.730413610190788
2.23978,0.73323632536345
2.24038,0.737861633263602
2.24098,0.74169234190351
2.24158,0.745191564281007
2.24218,0.748222395494913
2.24278,0.754552416336071
2.24338,0.760760493900016
2.24398,0.766222467703635
2.24458,0.77167185727812
2.24518,0.780380185431372
2.24578,0.79129151860241
2.24638,0.800526328241382
2.24698,0.811876104632091
2.24758,0.82433668681877
2.24818,0.826754147196683
2.24878,0.822267790077736
2.24938,0.819417867708581
2.24998,0.814397418324078
2.25058,0.810317347649346
2.25118,0.806413997451885
2.25178,0.799852173914859
2.25238,0.795018860570549
2.25298,0.790117462860192
2.25358,0.784366143685273
2.25418,0.776324844064178
2.25478,0.770641580490449
2.25538,0.764620212768732
2.25598,0.758766538547544
2.25658,0.747647430119116
2.25718,0.742024984835535
2.25778,0.736677806301002
2.25838,0.730545437920728
2.25898,0.719661700585679
2.25958,0.714797833224656
2.26018,0.710058224244535
2.26078,0.706598725076151
2.26138,0.7022524229901
2.26198,0.698286700973157
2.26258,0.695534233833831
2.26318,0.692181420857313
2.26378,0.689843818892333
2.26438,0.688711746533386
2.26498,0.686802668970532
2.26558,0.68591454369951
2.26618,0.685862091867658
2.26678,0.68518445192172
2.26738,0.691073725136838
2.26798,0.692318185273601
2.26858,0.692443788154806
2.26918,0.693431779511091
2.26978,0.698782504383357
2.27038,0.699770845084025
2.27098,0.701510168255789
2.27158,0.705542031454201
2.27218,0.706801935602013
2.27278,0.709020817890698
2.27338,0.711523672887786
2.27398,0.712474230622722
2.27458,0.714564036691767
2.27518,0.716956188110328
2.27578,0.717801382442477
2.27638,0.717988789353425
2.27698,0.720217098756508
2.27758,0.721172485906432
2.27818,0.723102199078848
2.27878,0.724960292146997
2.27938,0.725774484088324
2.27998,0.727791543882314
2.28058,0.729605705206001
2.28118,0.730689384802546
2.28178,0.733231444919991
2.28238,0.735536669434672
2.28298,0.738091113687991
2.28358,0.742051163395619
2.28418,0.747033575346647
2.28478,0.751096499286777
2.28538,0.756030969369195
2.28598,0.760297792061828
2.28658,0.76528141588984
2.28718,0.77021318607221
2.28778,0.774198522212878
2.28838,0.77813966554988
2.28898,0.781694594477375
2.28958,0.784298260560213
2.29018,0.787837571317858
2.29078,0.790072196749792
2.29138,0.792165751697494
2.29198,0.795005838259275
2.29258,0.796379635497594
2.29318,0.798403790405345
2.29378,0.800692020456475
2.29438,0.801620040514022
2.29498,0.803423420339734
2.29558,0.804841183107964
2.29618,0.805777173355514
2.29678,0.80769435259428
2.29738,0.809160275318166
2.29798,0.810097176929723
2.29858,0.811793012190538
2.29918,0.812569366961128
2.29978,0.813703826138934
2.30038,0.815296788676281
2.30098,0.816170321864555
2.30158,0.817720562136642
2.30218,0.819369136697111
2.30278,0.820672621105194
2.30338,0.823012952470945
2.30398,0.824686620557899
2.30458,0.82653000882979
2.30518,0.829040813289991
2.30578,0.830875161417023
2.30638,0.83278221818328
2.30698,0.834776842458027
2.30758,0.835693643666719
2.30818,0.83671472444825
2.30878,0.83777551193727
2.30938,0.837982231970356
2.30998,0.838631361628735
2.31058,0.839405994107957
2.31118,0.83938268614498
2.31178,0.839825205529107
2.31238,0.840243218425479
2.31298,0.840120888681903
2.31358,0.840694947365615
2.31418,0.84092649811552
2.31478,0.840797119854806
2.31538,0.841298764882218
2.31598,0.841251939405991
2.31658,0.841291019874625
2.31718,0.841877139541382
2.31778,0.841766586060383
2.31838,0.842055729931456
2.31898,0.842542557907617
2.31958,0.842577820420755
2.32018,0.843323759903338
2.32078,0.844049026417213
2.32138,0.844584336377394
2.32198,0.84593222149264
2.32258,0.847013365243451
2.32318,0.848359428416462
2.32378,0.850420848378389
2.32438,0.851978958923057
2.32498,0.853897529674866
2.32558,0.856135412592533
2.32618,0.857932467449223
2.32678,0.859938169025487
2.32738,0.861802855874241
2.32798,0.86296767829484
2.32858,0.864486581806784
2.32918,0.865474831269375
2.32978,0.866115458779488
2.33038,0.867357069980199
2.33098,0.868091328856672
2.33158,0.868591470746383
2.33218,0.869739123476965
2.33278,0.870588766465083
2.33338,0.871416864214038
2.33398,0.872443681671618
2.33458,0.873155998702671
2.33518,0.8739477630932
2.33578,0.874793663952555
2.33638,0.875488703553331
2.33698,0.876400008862924
2.33758,0.877064020195149
2.33818,0.877459230823141
2.33878,0.878235147242897
2.33938,0.878628585487058
2.33998,0.879001972620042
2.34058,0.879758472077909
2.34118,0.880262879052425
2.34178,0.880935053270191
2.34238,0.881856874252389
2.34298,0.882861476510486
2.34358,0.884076161576704
2.34418,0.885386988506725
2.34478,0.886871868585691
2.34538,0.888429113216697
2.34598,0.890057320406443
2.34658,0.891610706985386
2.34718,0.892869932803301
2.34778,0.893978072741254
2.34838,0.894956355851857
2.34898,0.895755226390766
2.34958,0.896524725542214
2.35018,0.897277738699244
2.35078,0.897968318951298
2.35138,0.898573455830472
2.35198,0.89919727297875
2.35258,0.89974921001815
2.35318,0.900278810893222
2.35378,0.90059035529167
2.35438,0.900744135325238
2.35498,0.900789205589632
2.35558,0.900787698430234
2.35618,0.900766255480945
2.35678,0.900652857169075
2.35738,0.900598528498942
2.35798,0.900468680712321
2.35858,0.900227856685
2.35918,0.900072578137204
2.35978,0.899908016676059
2.36038,0.89976564105984
2.36098,0.899860846814536
2.36158,0.900040309592508
2.36218,0.90064262679924
2.36278,0.901370390815424
2.36338,0.902176058683676
2.36398,0.903423431436792
2.36458,0.904629150160718
2.36518,0.905865576090557
2.36578,0.907361291736059
2.36638,0.908708795558939
2.36698,0.909885349856151
2.36758,0.910983980010535
2.36818,0.911741186892522
2.36878,0.912476166075484
2.36938,0.913283995608976
2.36998,0.913614733038498
2.37058,0.914275334152022
2.37118,0.914731395198866
2.37178,0.914764287161188
2.37238,0.915135546597893
2.37298,0.91525618665153
2.37358,0.914978036152819
2.37418,0.915353738875919
2.37478,0.916479308441482
2.37538,0.918236305677235
2.37598,0.920438680688719
2.37658,0.922687326522011
2.37718,0.924787820289138
2.37778,0.926704442852386
2.37838,0.928370462622028
2.37898,0.929637064013
2.37958,0.930691200886443
2.38018,0.93184317629051
2.38078,0.93320266824072
2.38138,0.934739231374245
2.38198,0.936791503470649
2.38258,0.939743131893336
2.38318,0.943331849913239
2.38378,0.947559451119563
2.38438,0.952119017365518
2.38498,0.956778284507324
2.38558,0.961357378133022
2.38618,0.965718282726719
2.38678,0.969481055908282
2.38738,0.972889392879158
2.38798,0.974798403166174
2.38858,0.972570376196849
2.38918,0.972122225298273
2.38978,0.973121496094019
2.39038,0.974321578387081
2.39098,0.973884870577673
2.39158,0.971523783397969
2.39218,0.969105838733918
2.39278,0.966557721695203
2.39338,0.96325271901488
2.39398,0.95970031012409
2.39458,0.956321191193251
2.39518,0.951805798974189
2.39578,0.947352442762539
2.39638,0.943486043873966
2.39698,0.936917685822985
2.39758,0.921977597060705
2.39818,0.914366366134697
2.39878,0.908134316169005
2.39938,0.902832393803741
2.39998,0.898968040548997
2.40058,0.89556968431109
2.40118,0.893074027670208
2.40178,0.891088869635569
2.40238,0.88934849670731
2.40298,0.888156940812963
2.40358,0.886079779347753
2.40418,0.884626677495934
2.40478,0.88275376517456
2.40538,0.880851524864537
2.40598,0.879213336306748
2.40658,0.877167877802695
2.40718,0.876046720153126
2.40778,0.875614336719594
2.40838,0.87491598632535
2.40898,0.874605696178514
2.40958,0.874167513414105
2.41018,0.873459968682212
2.41078,0.873085724653417
2.41138,0.872842082106853
2.41198,0.873369538302487
2.41258,0.873574940284352
2.41318,0.873265725482012
2.41378,0.873713701412124
2.41438,0.874286120588069
2.41498,0.874605904917652
2.41558,0.874591553904645
2.41618,0.875275177901078
2.41678,0.875572510771871
2.41738,0.875676365693473
2.41798,0.876370424871981
2.41858,0.876941599437875
2.41918,0.876952974741818
2.41978,0.8766420324129
2.42038,0.87756676352024
2.42098,0.878098327998568
2.42158,0.877610553979
2.42218,0.877767325619639
2.42278,0.878286666861882
2.42338,0.878761639944466
2.42398,0.8791939568219
2.42458,0.879979515664265
2.42518,0.880574478684249
2.42578,0.881061570253032
2.42638,0.881834060861153
2.42698,0.882140954715349
2.42758,0.882139758600899
2.42818,0.88083017605839
2.42878,0.873230631374279
2.42938,0.870876854186433
2.42998,0.869266594016264
2.43058,0.867046511053404
2.43118,0.864976459980781
2.43178,0.864590021042259
2.43238,0.86266623725587
2.43298,0.86241377888502
2.43358,0.860992688933534
2.43418,0.858606660325375
2.43478,0.859258604844466
2.43538,0.85677687615181
2.43598,0.857099024616505
2.43658,0.855257710661122
2.43718,0.854042315606313
2.43778,0.854259507875599
2.43838,0.85212448503569
2.43898,0.850263098832899
2.43958,0.85160167183518
2.44018,0.851523909929315
2.44078,0.840391100225047
2.44138,0.834888372204817
2.44198,0.831823296238904
2.44258,0.830247617394446
2.44318,0.829753868584071
2.44378,0.829014684962159
2.44438,0.828248696986992
2.44498,0.829014247302567
2.44558,0.829123017561717
2.44618,0.829559341562097
2.44678,0.829476691327117
2.44738,0.82895993277773
2.44798,0.828630584870101
2.44858,0.827818216018626
2.44918,0.827454805543489
2.44978,0.827908889851402
2.45038,0.827567047513411
2.45098,0.827771630132524
2.45158,0.827652811955715
2.45218,0.827877790476041
2.45278,0.826124649906697
2.45338,0.826710784192028
2.45398,0.825690181949504
2.45458,0.825405737197844
2.45518,0.82524642709835
2.45578,0.824050018407665
2.45638,0.824769286446409
2.45698,0.823089255801796
2.45758,0.824172700039554
2.45818,0.823016433023403
2.45878,0.823179240052469
2.45938,0.823422725687083
2.45998,0.822603789175133
2.46058,0.823622065319682
2.46118,0.822978813488044
2.46178,0.82420422848657
2.46238,0.823985396589739
2.46298,0.825604876834146
2.46358,0.825532535715135
2.46418,0.82766327930341
2.46478,0.827848943776746
2.46538,0.828222147141996
2.46598,0.828861135430156
2.46658,0.830530280775698
2.46718,0.831646234615476
2.46778,0.832467614684747
2.46838,0.832690604590254
2.46898,0.833134272241443
2.46958,0.834527457517484
2.47018,0.834549807703782
2.47078,0.834853460883867
2.47138,0.836124896296554
2.47198,0.836081377379389
2.47258,0.836261053090522
2.47318,0.837215293395239
2.47378,0.837105222770255
2.47438,0.838153033607818
2.47498,0.838369317694323
2.47558,0.838282220623208
2.47618,0.840450374225162
2.47678,0.840765956848677
2.47738,0.84111299015643
2.47798,0.841147639308787
2.47858,0.841904655781984
2.47918,0.84241848729233
2.47978,0.84266268814235
2.48038,0.843094821158535
2.48098,0.843678748075851
2.48158,0.844168883967964
2.48218,0.844833132174455
2.48278,0.845556829024152
2.48338,0.846380735384762
2.48398,0.848290164211595
2.48458,0.848876112586724
2.48518,0.849866498770343
2.48578,0.851094954004114
2.48638,0.852027771863707
2.48698,0.852944524529442
2.48758,0.853791348413776
2.48818,0.854313342408184
2.48878,0.854869318927212
2.48938,0.855291837918936
2.48998,0.855529272507308
2.49058,0.854606335535957
2.49118,0.85380813395468
2.49178,0.853424659412812
2.49238,0.852902260439276
2.49298,0.852274538236529
2.49358,0.851208478680301
2.49418,0.849939933753693
2.49478,0.849358688675008
2.49538,0.849002257476312
2.49598,0.848217388649462
2.49658,0.847702841700774
2.49718,0.846750505818048
2.49778,0.847004315137359
2.49838,0.847401948110057
2.49898,0.847273618428866
2.49958,0.846737740919174
2.50018,0.847058634245315
2.50078,0.847642169191303
2.50138,0.848324159964719
2.50198,0.848983818971027
2.50258,0.849011946311388
2.50318,0.85075210331422
2.50378,0.852136979924947
2.50438,0.853553303494797
2.50498,0.855261087289806
2.50558,0.856456316818794
2.50618,0.857205265905094
2.50678,0.85877491804064
2.50738,0.859437005023898
2.50798,0.8574808443174
2.50858,0.855663817740624
2.50918,0.854343846585929
2.50978,0.852766292554885
2.51038,0.851326430280162
2.51098,0.849579615225125
2.51158,0.848186504073823
2.51218,0.846709542683822
2.51278,0.845362358551724
2.51338,0.844491740399783
2.51398,0.843504129675362
2.51458,0.842380392927893
2.51518,0.84149705951666
2.51578,0.840387332440233
2.51638,0.839707170708277
2.51698,0.839371213334798
2.51758,0.838554439165228
2.51818,0.83817057868595
2.51878,0.837592200847636
2.51938,0.837021117171486
2.51998,0.836888977279723
2.52058,0.836857452181215
2.52118,0.837108924717004
2.52178,0.837521362404245
2.52238,0.837609082097649
2.52298,0.83793650454282
2.52358,0.838602998487069
2.52418,0.839056998172866
2.52478,0.839443874218119
2.52538,0.839771934890589
2.52598,0.840248135325345
2.52658,0.840467923469144
2.52718,0.84118536233136
2.52778,0.841558058408679
2.52838,0.842084256482888
2.52898,0.842413742947932
2.52958,0.843105873016794
2.53018,0.84399118703028
2.53078,0.843252673889973
2.53138,0.842857682929909
2.53198,0.84206947089731
2.53258,0.840943783907434
2.53318,0.839689231943497
2.53378,0.838265420577332
2.53438,0.837954068809439
2.53498,0.837753632707646
2.53558,0.837117839986625
2.53618,0.836486958428401
2.53678,0.836691003644469
2.53738,0.837030454999775
2.53798,0.837251094439363
2.53858,0.837293742879123
2.53918,0.837081757675764
2.53978,0.837614186848495
2.54038,0.838511142066677
2.54098,0.83921495772808
2.54158,0.839104183201318
2.54218,0.838360495861766
2.54278,0.838047580076134
2.54338,0.83760992049378
2.54398,0.837207161642275
2.54458,0.838173961915706
2.54518,0.837920642973833
2.54578,0.838084459065769
2.54638,0.838209982499348
2.54698,0.838078940438404
2.54758,0.838062534081483
2.54818,0.838011841171278
2.54878,0.836142884844846
2.54938,0.834751770540986
2.54998,0.83383583508719
2.55058,0.833184353248256
2.55118,0.831999052978271
2.55178,0.831404436911559
2.55238,0.830690360921012
2.55298,0.829841810873282
2.55358,0.829469207759842
2.55418,0.828762308613265
2.55478,0.828149637538441
2.55538,0.828016961502465
2.55598,0.827676862516005
2.55658,0.827702889942263
2.55718,0.826651601116835
2.55778,0.825787676601301
2.55838,0.824815912923045
2.55898,0.823709666839986
2.55958,0.822897838823239
2.56018,0.821517311715711
2.56078,0.820592154307478
2.56138,0.820049981043654
2.56198,0.819292172830749
2.56258,0.818829533295226
2.56318,0.818565660224817
2.56378,0.817677140275621
2.56438,0.816834562407478
2.56498,0.817003375745902
2.56558,0.8171258846448
2.56618,0.817517346870873
2.56678,0.817632772546473
2.56738,0.817790797548471
2.56798,0.817967466579651
2.56858,0.817781088305721
2.56918,0.817636273723025
2.56978,0.817364218470218
2.57038,0.816784595660365
2.57098,0.81644863994714
2.57158,0.815795548669038
2.57218,0.814892207496412
2.57278,0.81419141890468
2.57338,0.814209262989381
2.57398,0.813295388709261
2.57458,0.813002439173346
2.57518,0.812001574576416
2.57578,0.811143310455604
2.57638,0.810282371844754
2.57698,0.809156071443203
2.57758,0.808337466220004
2.57818,0.807466007372304
2.57878,0.806424965784767
2.57938,0.805675510166371
2.57998,0.805159951306774
2.58058,0.804415775628155
2.58118,0.804089591928687
2.58178,0.803462889102338
2.58238,0.803172250129407
2.58298,0.803259894466246
2.58358,0.803108424640971
2.58418,0.803250960016825
2.58478,0.803810014908697
2.58538,0.804236082766512
2.58598,0.804946511787465
2.58658,0.805575428939195
2.58718,0.806024631753469
2.58778,0.806640827082937
2.58838,0.806956151719425
2.58898,0.807238673697123
2.58958,0.807492262934126
2.59018,0.807485559033739
2.59078,0.807476195690688
2.59138,0.807438474806985
2.59198,0.806957629658072
2.59258,0.806585879786945
2.59318,0.805998065877066
2.59378,0.805466531162244
2.59438,0.804828275076811
2.59498,0.804160996554213
2.59558,0.803530756726286
2.59618,0.802911665995194
2.59678,0.802220138835975
2.59738,0.801624063446253
2.59798,0.801110314668505
2.59858,0.800063616646477
2.59918,0.798829065506538
2.59978,0.798349864631929
2.60038,0.797952347397323
2.60098,0.797818173927877
2.60158,0.797530144919654
2.60218,0.796180084018002
2.60278,0.796275631278716
2.60338,0.794793422308657
2.60398,0.795125090466646
2.60458,0.795423100223387
2.60518,0.795730930735178
2.60578,0.796349112363505
2.60638,0.79827644832761
2.60698,0.798765623636582
2.60758,0.800277093347884
2.60818,0.800671242719443
2.60878,0.801075814711389
2.60938,0.801321278464597
2.60998,0.802892896495076
2.61058,0.803343508036262
2.61118,0.803653805319398
2.61178,0.803566342333729
2.61238,0.803958296737401
2.61298,0.803940184622105
2.61358,0.8038422893507
2.61418,0.802902807920418
2.61478,0.799295579354223
2.61538,0.796251596291837
2.61598,0.793208342808428
2.61658,0.788176765378508
2.61718,0.785228274519573
2.61778,0.782736722069247
2.61838,0.780214305737095
2.61898,0.774115984981844
2.61958,0.772200705105286
2.62018,0.770399441279439
2.62078,0.768607494006125
2.62138,0.767536335427125
2.62198,0.76369317263921
2.62258,0.763149483525043
2.62318,0.763092923092155
2.62378,0.763243538220437
2.62438,0.763918651050944
2.62498,0.768124892953527
2.62558,0.770118040891331
2.62618,0.772456907312081
2.62678,0.776810058371299
2.62738,0.782192717174207
2.62798,0.786388598284149
2.62858,0.793334958395454
2.62918,0.798664558918556
2.62978,0.805717915345392
2.63038,0.811116602848163
2.63098,0.803987187972313
2.63158,0.795622407909412
2.63218,0.786536284183656
2.63278,0.777577094470391
2.63338,0.767610259485504
2.63398,0.75645031835292
2.63458,0.744126373737412
2.63518,0.734533500326783
2.63578,0.719381227255571
2.63638,0.702387676190628
2.63698,0.69918466399513
2.63758,0.680015293644823
2.63818,0.677294199554575
2.63878,0.655271379155609
2.63938,0.653412204060963
2.63998,0.651335036085216
2.64058,0.649186334484266
2.64118,0.623537670039411
2.64178,0.621832186956614
2.64238,0.620480920154117
2.64298,0.619783777815192
2.64358,0.619791975500684
2.64418,0.620446681831991
2.64478,0.621843785985697
2.64538,0.623793073150833
2.64598,0.638951518502342
2.64658,0.652910893232039
2.64718,0.655955171828816
2.64778,0.658961235086077
2.64838,0.682345121021666
2.64898,0.68581217503208
2.64958,0.699216018967082
2.65018,0.711429336883031
2.65078,0.716055363190063
2.65138,0.728666503513957
2.65198,0.740012954192223
2.65258,0.751385448988977
2.65318,0.761805200068022
2.65378,0.772101261956057
2.65438,0.781936965584996
2.65498,0.791350840664069
2.65558,0.800867784833952
2.65618,0.803602180919269
2.65678,0.806142062701369
2.65738,0.80804000042984
2.65798,0.809461968991455
2.65858,0.810109580320238
2.65918,0.812581199844362
2.65978,0.813929918365154
2.66038,0.811463280607844
2.66098,0.804945065808458
2.66158,0.79717979767687
2.66218,0.789800301009849
2.66278,0.780073599352797
2.66338,0.76866163646769
2.66398,0.755238013772724
2.66458,0.739730993869741
2.66518,0.719647571353697
2.66578,0.685703000484445
2.66638,0.628816746472616
2.66698,0.0290025612058987
2.66758,0.0191744913878286
2.66818,0.00897361228167537
